row	kind	dst	aux	hint	depth_after
0	jmp	4194320	0	0	0
1	cal	4194320	4194336	0	1
2	cal	4194320	4194336	0	2
3	cal	4194320	4194336	0	3
4	cal	4194320	4194336	0	4
5	cal	4194320	4194336	0	5
6	cal	4194320	4194336	0	6
7	cal	4194320	4194336	0	7
8	cal	4194320	4194336	0	8
9	cal	4194320	4194336	0	9
10	cal	4194320	4194336	0	10
11	cal	4194320	4194336	0	11
12	cal	4194320	4194336	0	12
13	cal	4194320	4194336	0	13
14	cal	4194320	4194336	0	14
15	cal	4194320	4194336	0	15
16	cal	4194320	4194336	0	16
17	cal	4194320	4194336	0	17
18	cal	4194320	4194336	0	18
19	cal	4194320	4194336	0	19
20	cal	4194320	4194336	0	20
21	cal	4194320	4194336	0	21
22	cal	4194320	4194336	0	22
23	cal	4194320	4194336	0	23
24	cal	4194320	4194336	0	24
25	cal	4194320	4194336	0	25
26	cal	4194320	4194336	0	26
27	cal	4194320	4194336	0	27
28	cal	4194320	4194336	0	28
29	cal	4194320	4194336	0	29
30	cal	4194320	4194336	0	30
31	cal	4194320	4194336	0	31
32	cal	4194320	4194336	0	32
33	cal	4194320	4194336	0	33
34	cal	4194320	4194336	0	34
35	cal	4194320	4194336	0	35
36	cal	4194320	4194336	0	36
37	cal	4194320	4194336	0	37
38	cal	4194320	4194336	0	38
39	cal	4194320	4194336	0	39
40	cal	4194320	4194336	0	40
41	cal	4194320	4194336	0	41
42	cal	4194320	4194336	0	42
43	cal	4194320	4194336	0	43
44	cal	4194320	4194336	0	44
45	cal	4194320	4194336	0	45
46	cal	4194320	4194336	0	46
47	cal	4194320	4194336	0	47
48	cal	4194320	4194336	0	48
49	cal	4194320	4194336	0	49
50	cal	4194320	4194336	0	50
51	cal	4194320	4194336	0	51
52	cal	4194320	4194336	0	52
53	cal	4194320	4194336	0	53
54	cal	4194320	4194336	0	54
55	cal	4194320	4194336	0	55
56	cal	4194320	4194336	0	56
57	cal	4194320	4194336	0	57
58	cal	4194320	4194336	0	58
59	cal	4194320	4194336	0	59
60	cal	4194320	4194336	0	60
61	cal	4194320	4194336	0	61
62	cal	4194320	4194336	0	62
63	cal	4194320	4194336	0	63
64	cal	4194320	4194336	0	64
65	cal	4194320	4194336	0	65
66	cal	4194320	4194336	0	66
67	cal	4194320	4194336	0	67
68	cal	4194320	4194336	0	68
69	cal	4194320	4194336	0	69
70	cal	4194320	4194336	0	70
71	cal	4194320	4194336	0	71
72	cal	4194320	4194336	0	72
73	cal	4194320	4194336	0	73
74	cal	4194320	4194336	0	74
75	cal	4194320	4194336	0	75
76	cal	4194320	4194336	0	76
77	cal	4194320	4194336	0	77
78	cal	4194320	4194336	0	78
79	cal	4194320	4194336	0	79
80	cal	4194320	4194336	0	80
81	cal	4194320	4194336	0	81
82	cal	4194320	4194336	0	82
83	cal	4194320	4194336	0	83
84	cal	4194320	4194336	0	84
85	cal	4194320	4194336	0	85
86	cal	4194320	4194336	0	86
87	cal	4194320	4194336	0	87
88	cal	4194320	4194336	0	88
89	cal	4194320	4194336	0	89
90	cal	4194320	4194336	0	90
91	cal	4194320	4194336	0	91
92	cal	4194320	4194336	0	92
93	cal	4194320	4194336	0	93
94	cal	4194320	4194336	0	94
95	cal	4194320	4194336	0	95
96	cal	4194320	4194336	0	96
97	cal	4194320	4194336	0	97
98	cal	4194320	4194336	0	98
99	cal	4194320	4194336	0	99
100	cal	4194320	4194336	0	100
101	cal	4194320	4194336	0	101
102	cal	4194320	4194336	0	102
103	cal	4194320	4194336	0	103
104	cal	4194320	4194336	0	104
105	cal	4194320	4194336	0	105
106	cal	4194320	4194336	0	106
107	cal	4194320	4194336	0	107
108	cal	4194320	4194336	0	108
109	cal	4194320	4194336	0	109
110	cal	4194320	4194336	0	110
111	cal	4194320	4194336	0	111
112	cal	4194320	4194336	0	112
113	cal	4194320	4194336	0	113
114	cal	4194320	4194336	0	114
115	cal	4194320	4194336	0	115
116	cal	4194320	4194336	0	116
117	cal	4194320	4194336	0	117
118	cal	4194320	4194336	0	118
119	cal	4194320	4194336	0	119
120	cal	4194320	4194336	0	120
121	cal	4194320	4194336	0	121
122	cal	4194320	4194336	0	122
123	cal	4194320	4194336	0	123
124	cal	4194320	4194336	0	124
125	cal	4194320	4194336	0	125
126	cal	4194320	4194336	0	126
127	cal	4194320	4194336	0	127
128	cal	4194320	4194336	0	128
129	cal	4194320	4194336	0	129
130	cal	4194320	4194336	0	130
131	cal	4194320	4194336	0	131
132	cal	4194320	4194336	0	132
133	cal	4194320	4194336	0	133
134	cal	4194320	4194336	0	134
135	cal	4194320	4194336	0	135
136	cal	4194320	4194336	0	136
137	cal	4194320	4194336	0	137
138	cal	4194320	4194336	0	138
139	cal	4194320	4194336	0	139
140	cal	4194320	4194336	0	140
141	cal	4194320	4194336	0	141
142	cal	4194320	4194336	0	142
143	cal	4194320	4194336	0	143
144	cal	4194320	4194336	0	144
145	cal	4194320	4194336	0	145
146	cal	4194320	4194336	0	146
147	cal	4194320	4194336	0	147
148	cal	4194320	4194336	0	148
149	cal	4194320	4194336	0	149
150	cal	4194320	4194336	0	150
151	cal	4194320	4194336	0	151
152	cal	4194320	4194336	0	152
153	cal	4194320	4194336	0	153
154	cal	4194320	4194336	0	154
155	cal	4194320	4194336	0	155
156	cal	4194320	4194336	0	156
157	cal	4194320	4194336	0	157
158	cal	4194320	4194336	0	158
159	cal	4194320	4194336	0	159
160	cal	4194320	4194336	0	160
161	cal	4194320	4194336	0	161
162	cal	4194320	4194336	0	162
163	cal	4194320	4194336	0	163
164	cal	4194320	4194336	0	164
165	cal	4194320	4194336	0	165
166	cal	4194320	4194336	0	166
167	cal	4194320	4194336	0	167
168	cal	4194320	4194336	0	168
169	cal	4194320	4194336	0	169
170	cal	4194320	4194336	0	170
171	cal	4194320	4194336	0	171
172	cal	4194320	4194336	0	172
173	cal	4194320	4194336	0	173
174	cal	4194320	4194336	0	174
175	cal	4194320	4194336	0	175
176	cal	4194320	4194336	0	176
177	cal	4194320	4194336	0	177
178	cal	4194320	4194336	0	178
179	cal	4194320	4194336	0	179
180	cal	4194320	4194336	0	180
181	cal	4194320	4194336	0	181
182	cal	4194320	4194336	0	182
183	cal	4194320	4194336	0	183
184	cal	4194320	4194336	0	184
185	cal	4194320	4194336	0	185
186	cal	4194320	4194336	0	186
187	cal	4194320	4194336	0	187
188	cal	4194320	4194336	0	188
189	cal	4194320	4194336	0	189
190	cal	4194320	4194336	0	190
191	cal	4194320	4194336	0	191
192	cal	4194320	4194336	0	192
193	cal	4194320	4194336	0	193
194	cal	4194320	4194336	0	194
195	cal	4194320	4194336	0	195
196	cal	4194320	4194336	0	196
197	cal	4194320	4194336	0	197
198	cal	4194320	4194336	0	198
199	cal	4194320	4194336	0	199
200	cal	4194320	4194336	0	200
201	cal	4194320	4194336	0	201
202	cal	4194320	4194336	0	202
203	cal	4194320	4194336	0	203
204	cal	4194320	4194336	0	204
205	cal	4194320	4194336	0	205
206	cal	4194320	4194336	0	206
207	cal	4194320	4194336	0	207
208	cal	4194320	4194336	0	208
209	cal	4194320	4194336	0	209
210	cal	4194320	4194336	0	210
211	cal	4194320	4194336	0	211
212	cal	4194320	4194336	0	212
213	cal	4194320	4194336	0	213
214	cal	4194320	4194336	0	214
215	cal	4194320	4194336	0	215
216	cal	4194320	4194336	0	216
217	cal	4194320	4194336	0	217
218	cal	4194320	4194336	0	218
219	cal	4194320	4194336	0	219
220	cal	4194320	4194336	0	220
221	cal	4194320	4194336	0	221
222	cal	4194320	4194336	0	222
223	cal	4194320	4194336	0	223
224	cal	4194320	4194336	0	224
225	cal	4194320	4194336	0	225
226	cal	4194320	4194336	0	226
227	cal	4194320	4194336	0	227
228	cal	4194320	4194336	0	228
229	cal	4194320	4194336	0	229
230	cal	4194320	4194336	0	230
231	cal	4194320	4194336	0	231
232	cal	4194320	4194336	0	232
233	cal	4194320	4194336	0	233
234	cal	4194320	4194336	0	234
235	cal	4194320	4194336	0	235
236	cal	4194320	4194336	0	236
237	cal	4194320	4194336	0	237
238	cal	4194320	4194336	0	238
239	cal	4194320	4194336	0	239
240	cal	4194320	4194336	0	240
241	cal	4194320	4194336	0	241
242	cal	4194320	4194336	0	242
243	cal	4194320	4194336	0	243
244	cal	4194320	4194336	0	244
245	cal	4194320	4194336	0	245
246	cal	4194320	4194336	0	246
247	cal	4194320	4194336	0	247
248	cal	4194320	4194336	0	248
249	cal	4194320	4194336	0	249
250	cal	4194320	4194336	0	250
251	cal	4194320	4194336	0	251
252	cal	4194320	4194336	0	252
253	cal	4194320	4194336	0	253
254	cal	4194320	4194336	0	254
255	cal	4194320	4194336	0	255
256	cal	4194320	4194336	0	256
257	cal	4194320	4194336	0	257
258	cal	4194320	4194336	0	258
259	cal	4194320	4194336	0	259
260	cal	4194320	4194336	0	260
261	cal	4194320	4194336	0	261
262	cal	4194320	4194336	0	262
263	cal	4194320	4194336	0	263
264	cal	4194320	4194336	0	264
265	cal	4194320	4194336	0	265
266	cal	4194320	4194336	0	266
267	cal	4194320	4194336	0	267
268	cal	4194320	4194336	0	268
269	cal	4194320	4194336	0	269
270	cal	4194320	4194336	0	270
271	cal	4194320	4194336	0	271
272	cal	4194320	4194336	0	272
273	cal	4194320	4194336	0	273
274	cal	4194320	4194336	0	274
275	cal	4194320	4194336	0	275
276	cal	4194320	4194336	0	276
277	cal	4194320	4194336	0	277
278	cal	4194320	4194336	0	278
279	cal	4194320	4194336	0	279
280	cal	4194320	4194336	0	280
281	cal	4194320	4194336	0	281
282	cal	4194320	4194336	0	282
283	cal	4194320	4194336	0	283
284	cal	4194320	4194336	0	284
285	cal	4194320	4194336	0	285
286	cal	4194320	4194336	0	286
287	cal	4194320	4194336	0	287
288	cal	4194320	4194336	0	288
289	cal	4194320	4194336	0	289
290	cal	4194320	4194336	0	290
291	cal	4194320	4194336	0	291
292	cal	4194320	4194336	0	292
293	cal	4194320	4194336	0	293
294	cal	4194320	4194336	0	294
295	cal	4194320	4194336	0	295
296	cal	4194320	4194336	0	296
297	cal	4194320	4194336	0	297
298	cal	4194320	4194336	0	298
299	cal	4194320	4194336	0	299
300	cal	4194320	4194336	0	300
301	cal	4194320	4194336	0	301
302	cal	4194320	4194336	0	302
303	cal	4194320	4194336	0	303
304	cal	4194320	4194336	0	304
305	cal	4194320	4194336	0	305
306	cal	4194320	4194336	0	306
307	cal	4194320	4194336	0	307
308	cal	4194320	4194336	0	308
309	cal	4194320	4194336	0	309
310	cal	4194320	4194336	0	310
311	cal	4194320	4194336	0	311
312	cal	4194320	4194336	0	312
313	cal	4194320	4194336	0	313
314	cal	4194320	4194336	0	314
315	cal	4194320	4194336	0	315
316	cal	4194320	4194336	0	316
317	cal	4194320	4194336	0	317
318	cal	4194320	4194336	0	318
319	cal	4194320	4194336	0	319
320	cal	4194320	4194336	0	320
321	cal	4194320	4194336	0	321
322	cal	4194320	4194336	0	322
323	cal	4194320	4194336	0	323
324	cal	4194320	4194336	0	324
325	cal	4194320	4194336	0	325
326	cal	4194320	4194336	0	326
327	cal	4194320	4194336	0	327
328	cal	4194320	4194336	0	328
329	cal	4194320	4194336	0	329
330	cal	4194320	4194336	0	330
331	cal	4194320	4194336	0	331
332	cal	4194320	4194336	0	332
333	cal	4194320	4194336	0	333
334	cal	4194320	4194336	0	334
335	cal	4194320	4194336	0	335
336	cal	4194320	4194336	0	336
337	cal	4194320	4194336	0	337
338	cal	4194320	4194336	0	338
339	cal	4194320	4194336	0	339
340	cal	4194320	4194336	0	340
341	cal	4194320	4194336	0	341
342	cal	4194320	4194336	0	342
343	cal	4194320	4194336	0	343
344	cal	4194320	4194336	0	344
345	cal	4194320	4194336	0	345
346	cal	4194320	4194336	0	346
347	cal	4194320	4194336	0	347
348	cal	4194320	4194336	0	348
349	cal	4194320	4194336	0	349
350	cal	4194320	4194336	0	350
351	cal	4194320	4194336	0	351
352	cal	4194320	4194336	0	352
353	cal	4194320	4194336	0	353
354	cal	4194320	4194336	0	354
355	cal	4194320	4194336	0	355
356	cal	4194320	4194336	0	356
357	cal	4194320	4194336	0	357
358	cal	4194320	4194336	0	358
359	cal	4194320	4194336	0	359
360	cal	4194320	4194336	0	360
361	cal	4194320	4194336	0	361
362	cal	4194320	4194336	0	362
363	cal	4194320	4194336	0	363
364	cal	4194320	4194336	0	364
365	cal	4194320	4194336	0	365
366	cal	4194320	4194336	0	366
367	cal	4194320	4194336	0	367
368	cal	4194320	4194336	0	368
369	cal	4194320	4194336	0	369
370	cal	4194320	4194336	0	370
371	cal	4194320	4194336	0	371
372	cal	4194320	4194336	0	372
373	cal	4194320	4194336	0	373
374	cal	4194320	4194336	0	374
375	cal	4194320	4194336	0	375
376	cal	4194320	4194336	0	376
377	cal	4194320	4194336	0	377
378	cal	4194320	4194336	0	378
379	cal	4194320	4194336	0	379
380	cal	4194320	4194336	0	380
381	cal	4194320	4194336	0	381
382	cal	4194320	4194336	0	382
383	cal	4194320	4194336	0	383
384	cal	4194320	4194336	0	384
385	cal	4194320	4194336	0	385
386	cal	4194320	4194336	0	386
387	cal	4194320	4194336	0	387
388	cal	4194320	4194336	0	388
389	cal	4194320	4194336	0	389
390	cal	4194320	4194336	0	390
391	cal	4194320	4194336	0	391
392	cal	4194320	4194336	0	392
393	cal	4194320	4194336	0	393
394	cal	4194320	4194336	0	394
395	cal	4194320	4194336	0	395
396	cal	4194320	4194336	0	396
397	cal	4194320	4194336	0	397
398	cal	4194320	4194336	0	398
399	cal	4194320	4194336	0	399
400	cal	4194320	4194336	0	400
401	cal	4194320	4194336	0	401
402	cal	4194320	4194336	0	402
403	cal	4194320	4194336	0	403
404	cal	4194320	4194336	0	404
405	cal	4194320	4194336	0	405
406	cal	4194320	4194336	0	406
407	cal	4194320	4194336	0	407
408	cal	4194320	4194336	0	408
409	cal	4194320	4194336	0	409
410	cal	4194320	4194336	0	410
411	cal	4194320	4194336	0	411
412	cal	4194320	4194336	0	412
413	cal	4194320	4194336	0	413
414	cal	4194320	4194336	0	414
415	cal	4194320	4194336	0	415
416	cal	4194320	4194336	0	416
417	cal	4194320	4194336	0	417
418	cal	4194320	4194336	0	418
419	cal	4194320	4194336	0	419
420	cal	4194320	4194336	0	420
421	cal	4194320	4194336	0	421
422	cal	4194320	4194336	0	422
423	cal	4194320	4194336	0	423
424	cal	4194320	4194336	0	424
425	cal	4194320	4194336	0	425
426	cal	4194320	4194336	0	426
427	cal	4194320	4194336	0	427
428	cal	4194320	4194336	0	428
429	cal	4194320	4194336	0	429
430	cal	4194320	4194336	0	430
431	cal	4194320	4194336	0	431
432	cal	4194320	4194336	0	432
433	cal	4194320	4194336	0	433
434	cal	4194320	4194336	0	434
435	cal	4194320	4194336	0	435
436	cal	4194320	4194336	0	436
437	cal	4194320	4194336	0	437
438	cal	4194320	4194336	0	438
439	cal	4194320	4194336	0	439
440	cal	4194320	4194336	0	440
441	cal	4194320	4194336	0	441
442	cal	4194320	4194336	0	442
443	cal	4194320	4194336	0	443
444	cal	4194320	4194336	0	444
445	cal	4194320	4194336	0	445
446	cal	4194320	4194336	0	446
447	cal	4194320	4194336	0	447
448	cal	4194320	4194336	0	448
449	cal	4194320	4194336	0	449
450	cal	4194320	4194336	0	450
451	cal	4194320	4194336	0	451
452	cal	4194320	4194336	0	452
453	cal	4194320	4194336	0	453
454	cal	4194320	4194336	0	454
455	cal	4194320	4194336	0	455
456	cal	4194320	4194336	0	456
457	cal	4194320	4194336	0	457
458	cal	4194320	4194336	0	458
459	cal	4194320	4194336	0	459
460	cal	4194320	4194336	0	460
461	cal	4194320	4194336	0	461
462	cal	4194320	4194336	0	462
463	cal	4194320	4194336	0	463
464	cal	4194320	4194336	0	464
465	cal	4194320	4194336	0	465
466	cal	4194320	4194336	0	466
467	cal	4194320	4194336	0	467
468	cal	4194320	4194336	0	468
469	cal	4194320	4194336	0	469
470	cal	4194320	4194336	0	470
471	cal	4194320	4194336	0	471
472	cal	4194320	4194336	0	472
473	cal	4194320	4194336	0	473
474	cal	4194320	4194336	0	474
475	cal	4194320	4194336	0	475
476	cal	4194320	4194336	0	476
477	cal	4194320	4194336	0	477
478	cal	4194320	4194336	0	478
479	cal	4194320	4194336	0	479
480	cal	4194320	4194336	0	480
481	cal	4194320	4194336	0	481
482	cal	4194320	4194336	0	482
483	cal	4194320	4194336	0	483
484	cal	4194320	4194336	0	484
485	cal	4194320	4194336	0	485
486	cal	4194320	4194336	0	486
487	cal	4194320	4194336	0	487
488	cal	4194320	4194336	0	488
489	cal	4194320	4194336	0	489
490	cal	4194320	4194336	0	490
491	cal	4194320	4194336	0	491
492	cal	4194320	4194336	0	492
493	cal	4194320	4194336	0	493
494	cal	4194320	4194336	0	494
495	cal	4194320	4194336	0	495
496	cal	4194320	4194336	0	496
497	cal	4194320	4194336	0	497
498	cal	4194320	4194336	0	498
499	cal	4194320	4194336	0	499
500	cal	4194320	4194336	0	500
501	cal	4194320	4194336	0	501
502	cal	4194320	4194336	0	502
503	cal	4194320	4194336	0	503
504	cal	4194320	4194336	0	504
505	cal	4194320	4194336	0	505
506	cal	4194320	4194336	0	506
507	cal	4194320	4194336	0	507
508	cal	4194320	4194336	0	508
509	cal	4194320	4194336	0	509
510	cal	4194320	4194336	0	510
511	cal	4194320	4194336	0	511
512	cal	4194320	4194336	0	512
513	cal	4194320	4194336	0	513
514	cal	4194320	4194336	0	514
515	cal	4194320	4194336	0	515
516	cal	4194320	4194336	0	516
517	cal	4194320	4194336	0	517
518	cal	4194320	4194336	0	518
519	cal	4194320	4194336	0	519
520	cal	4194320	4194336	0	520
521	cal	4194320	4194336	0	521
522	cal	4194320	4194336	0	522
523	cal	4194320	4194336	0	523
524	cal	4194320	4194336	0	524
525	cal	4194320	4194336	0	525
526	cal	4194320	4194336	0	526
527	cal	4194320	4194336	0	527
528	cal	4194320	4194336	0	528
529	cal	4194320	4194336	0	529
530	cal	4194320	4194336	0	530
531	cal	4194320	4194336	0	531
532	cal	4194320	4194336	0	532
533	cal	4194320	4194336	0	533
534	cal	4194320	4194336	0	534
535	cal	4194320	4194336	0	535
536	cal	4194320	4194336	0	536
537	cal	4194320	4194336	0	537
538	cal	4194320	4194336	0	538
539	cal	4194320	4194336	0	539
540	cal	4194320	4194336	0	540
541	cal	4194320	4194336	0	541
542	cal	4194320	4194336	0	542
543	cal	4194320	4194336	0	543
544	cal	4194320	4194336	0	544
545	cal	4194320	4194336	0	545
546	cal	4194320	4194336	0	546
547	cal	4194320	4194336	0	547
548	cal	4194320	4194336	0	548
549	cal	4194320	4194336	0	549
550	cal	4194320	4194336	0	550
551	cal	4194320	4194336	0	551
552	cal	4194320	4194336	0	552
553	cal	4194320	4194336	0	553
554	cal	4194320	4194336	0	554
555	cal	4194320	4194336	0	555
556	cal	4194320	4194336	0	556
557	cal	4194320	4194336	0	557
558	cal	4194320	4194336	0	558
559	cal	4194320	4194336	0	559
560	cal	4194320	4194336	0	560
561	cal	4194320	4194336	0	561
562	cal	4194320	4194336	0	562
563	cal	4194320	4194336	0	563
564	cal	4194320	4194336	0	564
565	cal	4194320	4194336	0	565
566	cal	4194320	4194336	0	566
567	cal	4194320	4194336	0	567
568	cal	4194320	4194336	0	568
569	cal	4194320	4194336	0	569
570	cal	4194320	4194336	0	570
571	cal	4194320	4194336	0	571
572	cal	4194320	4194336	0	572
573	cal	4194320	4194336	0	573
574	cal	4194320	4194336	0	574
575	cal	4194320	4194336	0	575
576	cal	4194320	4194336	0	576
577	cal	4194320	4194336	0	577
578	cal	4194320	4194336	0	578
579	cal	4194320	4194336	0	579
580	cal	4194320	4194336	0	580
581	cal	4194320	4194336	0	581
582	cal	4194320	4194336	0	582
583	cal	4194320	4194336	0	583
584	cal	4194320	4194336	0	584
585	cal	4194320	4194336	0	585
586	cal	4194320	4194336	0	586
587	cal	4194320	4194336	0	587
588	cal	4194320	4194336	0	588
589	cal	4194320	4194336	0	589
590	cal	4194320	4194336	0	590
591	cal	4194320	4194336	0	591
592	cal	4194320	4194336	0	592
593	cal	4194320	4194336	0	593
594	cal	4194320	4194336	0	594
595	cal	4194320	4194336	0	595
596	cal	4194320	4194336	0	596
597	cal	4194320	4194336	0	597
598	cal	4194320	4194336	0	598
599	cal	4194320	4194336	0	599
600	cal	4194320	4194336	0	600
601	cal	4194320	4194336	0	601
602	cal	4194320	4194336	0	602
603	cal	4194320	4194336	0	603
604	cal	4194320	4194336	0	604
605	cal	4194320	4194336	0	605
606	cal	4194320	4194336	0	606
607	cal	4194320	4194336	0	607
608	cal	4194320	4194336	0	608
609	cal	4194320	4194336	0	609
610	cal	4194320	4194336	0	610
611	cal	4194320	4194336	0	611
612	cal	4194320	4194336	0	612
613	cal	4194320	4194336	0	613
614	cal	4194320	4194336	0	614
615	cal	4194320	4194336	0	615
616	cal	4194320	4194336	0	616
617	cal	4194320	4194336	0	617
618	cal	4194320	4194336	0	618
619	cal	4194320	4194336	0	619
620	cal	4194320	4194336	0	620
621	cal	4194320	4194336	0	621
622	cal	4194320	4194336	0	622
623	cal	4194320	4194336	0	623
624	cal	4194320	4194336	0	624
625	cal	4194320	4194336	0	625
626	cal	4194320	4194336	0	626
627	cal	4194320	4194336	0	627
628	cal	4194320	4194336	0	628
629	cal	4194320	4194336	0	629
630	cal	4194320	4194336	0	630
631	cal	4194320	4194336	0	631
632	cal	4194320	4194336	0	632
633	cal	4194320	4194336	0	633
634	cal	4194320	4194336	0	634
635	cal	4194320	4194336	0	635
636	cal	4194320	4194336	0	636
637	cal	4194320	4194336	0	637
638	cal	4194320	4194336	0	638
639	cal	4194320	4194336	0	639
640	cal	4194320	4194336	0	640
641	cal	4194320	4194336	0	641
642	cal	4194320	4194336	0	642
643	cal	4194320	4194336	0	643
644	cal	4194320	4194336	0	644
645	cal	4194320	4194336	0	645
646	cal	4194320	4194336	0	646
647	cal	4194320	4194336	0	647
648	cal	4194320	4194336	0	648
649	cal	4194320	4194336	0	649
650	cal	4194320	4194336	0	650
651	cal	4194320	4194336	0	651
652	cal	4194320	4194336	0	652
653	cal	4194320	4194336	0	653
654	cal	4194320	4194336	0	654
655	cal	4194320	4194336	0	655
656	cal	4194320	4194336	0	656
657	cal	4194320	4194336	0	657
658	cal	4194320	4194336	0	658
659	cal	4194320	4194336	0	659
660	cal	4194320	4194336	0	660
661	cal	4194320	4194336	0	661
662	cal	4194320	4194336	0	662
663	cal	4194320	4194336	0	663
664	cal	4194320	4194336	0	664
665	cal	4194320	4194336	0	665
666	cal	4194320	4194336	0	666
667	cal	4194320	4194336	0	667
668	cal	4194320	4194336	0	668
669	cal	4194320	4194336	0	669
670	cal	4194320	4194336	0	670
671	cal	4194320	4194336	0	671
672	cal	4194320	4194336	0	672
673	cal	4194320	4194336	0	673
674	cal	4194320	4194336	0	674
675	cal	4194320	4194336	0	675
676	cal	4194320	4194336	0	676
677	cal	4194320	4194336	0	677
678	cal	4194320	4194336	0	678
679	cal	4194320	4194336	0	679
680	cal	4194320	4194336	0	680
681	cal	4194320	4194336	0	681
682	cal	4194320	4194336	0	682
683	cal	4194320	4194336	0	683
684	cal	4194320	4194336	0	684
685	cal	4194320	4194336	0	685
686	cal	4194320	4194336	0	686
687	cal	4194320	4194336	0	687
688	cal	4194320	4194336	0	688
689	cal	4194320	4194336	0	689
690	cal	4194320	4194336	0	690
691	cal	4194320	4194336	0	691
692	cal	4194320	4194336	0	692
693	cal	4194320	4194336	0	693
694	cal	4194320	4194336	0	694
695	cal	4194320	4194336	0	695
696	cal	4194320	4194336	0	696
697	cal	4194320	4194336	0	697
698	cal	4194320	4194336	0	698
699	cal	4194320	4194336	0	699
700	cal	4194320	4194336	0	700
701	cal	4194320	4194336	0	701
702	cal	4194320	4194336	0	702
703	cal	4194320	4194336	0	703
704	cal	4194320	4194336	0	704
705	cal	4194320	4194336	0	705
706	cal	4194320	4194336	0	706
707	cal	4194320	4194336	0	707
708	cal	4194320	4194336	0	708
709	cal	4194320	4194336	0	709
710	cal	4194320	4194336	0	710
711	cal	4194320	4194336	0	711
712	cal	4194320	4194336	0	712
713	cal	4194320	4194336	0	713
714	cal	4194320	4194336	0	714
715	cal	4194320	4194336	0	715
716	cal	4194320	4194336	0	716
717	cal	4194320	4194336	0	717
718	cal	4194320	4194336	0	718
719	cal	4194320	4194336	0	719
720	cal	4194320	4194336	0	720
721	cal	4194320	4194336	0	721
722	cal	4194320	4194336	0	722
723	cal	4194320	4194336	0	723
724	cal	4194320	4194336	0	724
725	cal	4194320	4194336	0	725
726	cal	4194320	4194336	0	726
727	cal	4194320	4194336	0	727
728	cal	4194320	4194336	0	728
729	cal	4194320	4194336	0	729
730	cal	4194320	4194336	0	730
731	cal	4194320	4194336	0	731
732	cal	4194320	4194336	0	732
733	cal	4194320	4194336	0	733
734	cal	4194320	4194336	0	734
735	cal	4194320	4194336	0	735
736	cal	4194320	4194336	0	736
737	cal	4194320	4194336	0	737
738	cal	4194320	4194336	0	738
739	cal	4194320	4194336	0	739
740	cal	4194320	4194336	0	740
741	cal	4194320	4194336	0	741
742	cal	4194320	4194336	0	742
743	cal	4194320	4194336	0	743
744	cal	4194320	4194336	0	744
745	cal	4194320	4194336	0	745
746	cal	4194320	4194336	0	746
747	cal	4194320	4194336	0	747
748	cal	4194320	4194336	0	748
749	cal	4194320	4194336	0	749
750	cal	4194320	4194336	0	750
751	cal	4194320	4194336	0	751
752	cal	4194320	4194336	0	752
753	cal	4194320	4194336	0	753
754	cal	4194320	4194336	0	754
755	cal	4194320	4194336	0	755
756	cal	4194320	4194336	0	756
757	cal	4194320	4194336	0	757
758	cal	4194320	4194336	0	758
759	cal	4194320	4194336	0	759
760	cal	4194320	4194336	0	760
761	cal	4194320	4194336	0	761
762	cal	4194320	4194336	0	762
763	cal	4194320	4194336	0	763
764	cal	4194320	4194336	0	764
765	cal	4194320	4194336	0	765
766	cal	4194320	4194336	0	766
767	cal	4194320	4194336	0	767
768	cal	4194320	4194336	0	768
769	cal	4194320	4194336	0	769
770	cal	4194320	4194336	0	770
771	cal	4194320	4194336	0	771
772	cal	4194320	4194336	0	772
773	cal	4194320	4194336	0	773
774	cal	4194320	4194336	0	774
775	cal	4194320	4194336	0	775
776	cal	4194320	4194336	0	776
777	cal	4194320	4194336	0	777
778	cal	4194320	4194336	0	778
779	cal	4194320	4194336	0	779
780	cal	4194320	4194336	0	780
781	cal	4194320	4194336	0	781
782	cal	4194320	4194336	0	782
783	cal	4194320	4194336	0	783
784	cal	4194320	4194336	0	784
785	cal	4194320	4194336	0	785
786	cal	4194320	4194336	0	786
787	cal	4194320	4194336	0	787
788	cal	4194320	4194336	0	788
789	cal	4194320	4194336	0	789
790	cal	4194320	4194336	0	790
791	cal	4194320	4194336	0	791
792	cal	4194320	4194336	0	792
793	cal	4194320	4194336	0	793
794	cal	4194320	4194336	0	794
795	cal	4194320	4194336	0	795
796	cal	4194320	4194336	0	796
797	cal	4194320	4194336	0	797
798	cal	4194320	4194336	0	798
799	cal	4194320	4194336	0	799
800	cal	4194320	4194336	0	800
801	cal	4194320	4194336	0	801
802	cal	4194320	4194336	0	802
803	cal	4194320	4194336	0	803
804	cal	4194320	4194336	0	804
805	cal	4194320	4194336	0	805
806	cal	4194320	4194336	0	806
807	cal	4194320	4194336	0	807
808	cal	4194320	4194336	0	808
809	cal	4194320	4194336	0	809
810	cal	4194320	4194336	0	810
811	cal	4194320	4194336	0	811
812	cal	4194320	4194336	0	812
813	cal	4194320	4194336	0	813
814	cal	4194320	4194336	0	814
815	cal	4194320	4194336	0	815
816	cal	4194320	4194336	0	816
817	cal	4194320	4194336	0	817
818	cal	4194320	4194336	0	818
819	cal	4194320	4194336	0	819
820	cal	4194320	4194336	0	820
821	cal	4194320	4194336	0	821
822	cal	4194320	4194336	0	822
823	cal	4194320	4194336	0	823
824	cal	4194320	4194336	0	824
825	cal	4194320	4194336	0	825
826	cal	4194320	4194336	0	826
827	cal	4194320	4194336	0	827
828	cal	4194320	4194336	0	828
829	cal	4194320	4194336	0	829
830	cal	4194320	4194336	0	830
831	cal	4194320	4194336	0	831
832	cal	4194320	4194336	0	832
833	cal	4194320	4194336	0	833
834	cal	4194320	4194336	0	834
835	cal	4194320	4194336	0	835
836	cal	4194320	4194336	0	836
837	cal	4194320	4194336	0	837
838	cal	4194320	4194336	0	838
839	cal	4194320	4194336	0	839
840	cal	4194320	4194336	0	840
841	cal	4194320	4194336	0	841
842	cal	4194320	4194336	0	842
843	cal	4194320	4194336	0	843
844	cal	4194320	4194336	0	844
845	cal	4194320	4194336	0	845
846	cal	4194320	4194336	0	846
847	cal	4194320	4194336	0	847
848	cal	4194320	4194336	0	848
849	cal	4194320	4194336	0	849
850	cal	4194320	4194336	0	850
851	cal	4194320	4194336	0	851
852	cal	4194320	4194336	0	852
853	cal	4194320	4194336	0	853
854	cal	4194320	4194336	0	854
855	cal	4194320	4194336	0	855
856	cal	4194320	4194336	0	856
857	cal	4194320	4194336	0	857
858	cal	4194320	4194336	0	858
859	cal	4194320	4194336	0	859
860	cal	4194320	4194336	0	860
861	cal	4194320	4194336	0	861
862	cal	4194320	4194336	0	862
863	cal	4194320	4194336	0	863
864	cal	4194320	4194336	0	864
865	cal	4194320	4194336	0	865
866	cal	4194320	4194336	0	866
867	cal	4194320	4194336	0	867
868	cal	4194320	4194336	0	868
869	cal	4194320	4194336	0	869
870	cal	4194320	4194336	0	870
871	cal	4194320	4194336	0	871
872	cal	4194320	4194336	0	872
873	cal	4194320	4194336	0	873
874	cal	4194320	4194336	0	874
875	cal	4194320	4194336	0	875
876	cal	4194320	4194336	0	876
877	cal	4194320	4194336	0	877
878	cal	4194320	4194336	0	878
879	cal	4194320	4194336	0	879
880	cal	4194320	4194336	0	880
881	cal	4194320	4194336	0	881
882	cal	4194320	4194336	0	882
883	cal	4194320	4194336	0	883
884	cal	4194320	4194336	0	884
885	cal	4194320	4194336	0	885
886	cal	4194320	4194336	0	886
887	cal	4194320	4194336	0	887
888	cal	4194320	4194336	0	888
889	cal	4194320	4194336	0	889
890	cal	4194320	4194336	0	890
891	cal	4194320	4194336	0	891
892	cal	4194320	4194336	0	892
893	cal	4194320	4194336	0	893
894	cal	4194320	4194336	0	894
895	cal	4194320	4194336	0	895
896	cal	4194320	4194336	0	896
897	cal	4194320	4194336	0	897
898	cal	4194320	4194336	0	898
899	cal	4194320	4194336	0	899
900	cal	4194320	4194336	0	900
901	cal	4194320	4194336	0	901
902	cal	4194320	4194336	0	902
903	cal	4194320	4194336	0	903
904	cal	4194320	4194336	0	904
905	cal	4194320	4194336	0	905
906	cal	4194320	4194336	0	906
907	cal	4194320	4194336	0	907
908	cal	4194320	4194336	0	908
909	cal	4194320	4194336	0	909
910	cal	4194320	4194336	0	910
911	cal	4194320	4194336	0	911
912	cal	4194320	4194336	0	912
913	cal	4194320	4194336	0	913
914	cal	4194320	4194336	0	914
915	cal	4194320	4194336	0	915
916	cal	4194320	4194336	0	916
917	cal	4194320	4194336	0	917
918	cal	4194320	4194336	0	918
919	cal	4194320	4194336	0	919
920	cal	4194320	4194336	0	920
921	cal	4194320	4194336	0	921
922	cal	4194320	4194336	0	922
923	cal	4194320	4194336	0	923
924	cal	4194320	4194336	0	924
925	cal	4194320	4194336	0	925
926	cal	4194320	4194336	0	926
927	cal	4194320	4194336	0	927
928	cal	4194320	4194336	0	928
929	cal	4194320	4194336	0	929
930	cal	4194320	4194336	0	930
931	cal	4194320	4194336	0	931
932	cal	4194320	4194336	0	932
933	cal	4194320	4194336	0	933
934	cal	4194320	4194336	0	934
935	cal	4194320	4194336	0	935
936	cal	4194320	4194336	0	936
937	cal	4194320	4194336	0	937
938	cal	4194320	4194336	0	938
939	cal	4194320	4194336	0	939
940	cal	4194320	4194336	0	940
941	cal	4194320	4194336	0	941
942	cal	4194320	4194336	0	942
943	cal	4194320	4194336	0	943
944	cal	4194320	4194336	0	944
945	cal	4194320	4194336	0	945
946	cal	4194320	4194336	0	946
947	cal	4194320	4194336	0	947
948	cal	4194320	4194336	0	948
949	cal	4194320	4194336	0	949
950	cal	4194320	4194336	0	950
951	cal	4194320	4194336	0	951
952	cal	4194320	4194336	0	952
953	cal	4194320	4194336	0	953
954	cal	4194320	4194336	0	954
955	cal	4194320	4194336	0	955
956	cal	4194320	4194336	0	956
957	cal	4194320	4194336	0	957
958	cal	4194320	4194336	0	958
959	cal	4194320	4194336	0	959
960	cal	4194320	4194336	0	960
961	cal	4194320	4194336	0	961
962	cal	4194320	4194336	0	962
963	cal	4194320	4194336	0	963
964	cal	4194320	4194336	0	964
965	cal	4194320	4194336	0	965
966	cal	4194320	4194336	0	966
967	cal	4194320	4194336	0	967
968	cal	4194320	4194336	0	968
969	cal	4194320	4194336	0	969
970	cal	4194320	4194336	0	970
971	cal	4194320	4194336	0	971
972	cal	4194320	4194336	0	972
973	cal	4194320	4194336	0	973
974	cal	4194320	4194336	0	974
975	cal	4194320	4194336	0	975
976	cal	4194320	4194336	0	976
977	cal	4194320	4194336	0	977
978	cal	4194320	4194336	0	978
979	cal	4194320	4194336	0	979
980	cal	4194320	4194336	0	980
981	cal	4194320	4194336	0	981
982	cal	4194320	4194336	0	982
983	cal	4194320	4194336	0	983
984	cal	4194320	4194336	0	984
985	cal	4194320	4194336	0	985
986	cal	4194320	4194336	0	986
987	cal	4194320	4194336	0	987
988	cal	4194320	4194336	0	988
989	cal	4194320	4194336	0	989
990	cal	4194320	4194336	0	990
991	cal	4194320	4194336	0	991
992	cal	4194320	4194336	0	992
993	cal	4194320	4194336	0	993
994	cal	4194320	4194336	0	994
995	cal	4194320	4194336	0	995
996	cal	4194320	4194336	0	996
997	cal	4194320	4194336	0	997
998	cal	4194320	4194336	0	998
999	cal	4194320	4194336	0	999
1000	cal	4194320	4194336	0	1000
1001	cal	4194320	4194336	0	1001
1002	cal	4194320	4194336	0	1002
1003	cal	4194320	4194336	0	1003
1004	cal	4194320	4194336	0	1004
1005	cal	4194320	4194336	0	1005
1006	cal	4194320	4194336	0	1006
1007	cal	4194320	4194336	0	1007
1008	cal	4194320	4194336	0	1008
1009	cal	4194320	4194336	0	1009
1010	cal	4194320	4194336	0	1010
1011	cal	4194320	4194336	0	1011
1012	cal	4194320	4194336	0	1012
1013	cal	4194320	4194336	0	1013
1014	cal	4194320	4194336	0	1014
1015	cal	4194320	4194336	0	1015
1016	cal	4194320	4194336	0	1016
1017	cal	4194320	4194336	0	1017
1018	cal	4194320	4194336	0	1018
1019	cal	4194320	4194336	0	1019
1020	cal	4194320	4194336	0	1020
1021	cal	4194320	4194336	0	1021
1022	cal	4194320	4194336	0	1022
1023	cal	4194320	4194336	0	1023
1024	cal	4194320	4194336	0	1024
1025	ret	4194336	0	1024	1023
1026	jmp	4194320	0	0	1023
1027	ret	4194336	0	1023	1022
1028	jmp	4194320	0	0	1022
1029	ret	4194336	0	1022	1021
1030	jmp	4194320	0	0	1021
1031	ret	4194336	0	1021	1020
1032	jmp	4194320	0	0	1020
1033	ret	4194336	0	1020	1019
1034	jmp	4194320	0	0	1019
1035	ret	4194336	0	1019	1018
1036	jmp	4194320	0	0	1018
1037	ret	4194336	0	1018	1017
1038	jmp	4194320	0	0	1017
1039	ret	4194336	0	1017	1016
1040	jmp	4194320	0	0	1016
1041	ret	4194336	0	1016	1015
1042	jmp	4194320	0	0	1015
1043	ret	4194336	0	1015	1014
1044	jmp	4194320	0	0	1014
1045	ret	4194336	0	1014	1013
1046	jmp	4194320	0	0	1013
1047	ret	4194336	0	1013	1012
1048	jmp	4194320	0	0	1012
1049	ret	4194336	0	1012	1011
1050	jmp	4194320	0	0	1011
1051	ret	4194336	0	1011	1010
1052	jmp	4194320	0	0	1010
1053	ret	4194336	0	1010	1009
1054	jmp	4194320	0	0	1009
1055	ret	4194336	0	1009	1008
1056	jmp	4194320	0	0	1008
1057	ret	4194336	0	1008	1007
1058	jmp	4194320	0	0	1007
1059	ret	4194336	0	1007	1006
1060	jmp	4194320	0	0	1006
1061	ret	4194336	0	1006	1005
1062	jmp	4194320	0	0	1005
1063	ret	4194336	0	1005	1004
1064	jmp	4194320	0	0	1004
1065	ret	4194336	0	1004	1003
1066	jmp	4194320	0	0	1003
1067	ret	4194336	0	1003	1002
1068	jmp	4194320	0	0	1002
1069	ret	4194336	0	1002	1001
1070	jmp	4194320	0	0	1001
1071	ret	4194336	0	1001	1000
1072	jmp	4194320	0	0	1000
1073	ret	4194336	0	1000	999
1074	jmp	4194320	0	0	999
1075	ret	4194336	0	999	998
1076	jmp	4194320	0	0	998
1077	ret	4194336	0	998	997
1078	jmp	4194320	0	0	997
1079	ret	4194336	0	997	996
1080	jmp	4194320	0	0	996
1081	ret	4194336	0	996	995
1082	jmp	4194320	0	0	995
1083	ret	4194336	0	995	994
1084	jmp	4194320	0	0	994
1085	ret	4194336	0	994	993
1086	jmp	4194320	0	0	993
1087	ret	4194336	0	993	992
1088	jmp	4194320	0	0	992
1089	ret	4194336	0	992	991
1090	jmp	4194320	0	0	991
1091	ret	4194336	0	991	990
1092	jmp	4194320	0	0	990
1093	ret	4194336	0	990	989
1094	jmp	4194320	0	0	989
1095	ret	4194336	0	989	988
1096	jmp	4194320	0	0	988
1097	ret	4194336	0	988	987
1098	jmp	4194320	0	0	987
1099	ret	4194336	0	987	986
1100	jmp	4194320	0	0	986
1101	ret	4194336	0	986	985
1102	jmp	4194320	0	0	985
1103	ret	4194336	0	985	984
1104	jmp	4194320	0	0	984
1105	ret	4194336	0	984	983
1106	jmp	4194320	0	0	983
1107	ret	4194336	0	983	982
1108	jmp	4194320	0	0	982
1109	ret	4194336	0	982	981
1110	jmp	4194320	0	0	981
1111	ret	4194336	0	981	980
1112	jmp	4194320	0	0	980
1113	ret	4194336	0	980	979
1114	jmp	4194320	0	0	979
1115	ret	4194336	0	979	978
1116	jmp	4194320	0	0	978
1117	ret	4194336	0	978	977
1118	jmp	4194320	0	0	977
1119	ret	4194336	0	977	976
1120	jmp	4194320	0	0	976
1121	ret	4194336	0	976	975
1122	jmp	4194320	0	0	975
1123	ret	4194336	0	975	974
1124	jmp	4194320	0	0	974
1125	ret	4194336	0	974	973
1126	jmp	4194320	0	0	973
1127	ret	4194336	0	973	972
1128	jmp	4194320	0	0	972
1129	ret	4194336	0	972	971
1130	jmp	4194320	0	0	971
1131	ret	4194336	0	971	970
1132	jmp	4194320	0	0	970
1133	ret	4194336	0	970	969
1134	jmp	4194320	0	0	969
1135	ret	4194336	0	969	968
1136	jmp	4194320	0	0	968
1137	ret	4194336	0	968	967
1138	jmp	4194320	0	0	967
1139	ret	4194336	0	967	966
1140	jmp	4194320	0	0	966
1141	ret	4194336	0	966	965
1142	jmp	4194320	0	0	965
1143	ret	4194336	0	965	964
1144	jmp	4194320	0	0	964
1145	ret	4194336	0	964	963
1146	jmp	4194320	0	0	963
1147	ret	4194336	0	963	962
1148	jmp	4194320	0	0	962
1149	ret	4194336	0	962	961
1150	jmp	4194320	0	0	961
1151	ret	4194336	0	961	960
1152	jmp	4194320	0	0	960
1153	ret	4194336	0	960	959
1154	jmp	4194320	0	0	959
1155	ret	4194336	0	959	958
1156	jmp	4194320	0	0	958
1157	ret	4194336	0	958	957
1158	jmp	4194320	0	0	957
1159	ret	4194336	0	957	956
1160	jmp	4194320	0	0	956
1161	ret	4194336	0	956	955
1162	jmp	4194320	0	0	955
1163	ret	4194336	0	955	954
1164	jmp	4194320	0	0	954
1165	ret	4194336	0	954	953
1166	jmp	4194320	0	0	953
1167	ret	4194336	0	953	952
1168	jmp	4194320	0	0	952
1169	ret	4194336	0	952	951
1170	jmp	4194320	0	0	951
1171	ret	4194336	0	951	950
1172	jmp	4194320	0	0	950
1173	ret	4194336	0	950	949
1174	jmp	4194320	0	0	949
1175	ret	4194336	0	949	948
1176	jmp	4194320	0	0	948
1177	ret	4194336	0	948	947
1178	jmp	4194320	0	0	947
1179	ret	4194336	0	947	946
1180	jmp	4194320	0	0	946
1181	ret	4194336	0	946	945
1182	jmp	4194320	0	0	945
1183	ret	4194336	0	945	944
1184	jmp	4194320	0	0	944
1185	ret	4194336	0	944	943
1186	jmp	4194320	0	0	943
1187	ret	4194336	0	943	942
1188	jmp	4194320	0	0	942
1189	ret	4194336	0	942	941
1190	jmp	4194320	0	0	941
1191	ret	4194336	0	941	940
1192	jmp	4194320	0	0	940
1193	ret	4194336	0	940	939
1194	jmp	4194320	0	0	939
1195	ret	4194336	0	939	938
1196	jmp	4194320	0	0	938
1197	ret	4194336	0	938	937
1198	jmp	4194320	0	0	937
1199	ret	4194336	0	937	936
1200	jmp	4194320	0	0	936
1201	ret	4194336	0	936	935
1202	jmp	4194320	0	0	935
1203	ret	4194336	0	935	934
1204	jmp	4194320	0	0	934
1205	ret	4194336	0	934	933
1206	jmp	4194320	0	0	933
1207	ret	4194336	0	933	932
1208	jmp	4194320	0	0	932
1209	ret	4194336	0	932	931
1210	jmp	4194320	0	0	931
1211	ret	4194336	0	931	930
1212	jmp	4194320	0	0	930
1213	ret	4194336	0	930	929
1214	jmp	4194320	0	0	929
1215	ret	4194336	0	929	928
1216	jmp	4194320	0	0	928
1217	ret	4194336	0	928	927
1218	jmp	4194320	0	0	927
1219	ret	4194336	0	927	926
1220	jmp	4194320	0	0	926
1221	ret	4194336	0	926	925
1222	jmp	4194320	0	0	925
1223	ret	4194336	0	925	924
1224	jmp	4194320	0	0	924
1225	ret	4194336	0	924	923
1226	jmp	4194320	0	0	923
1227	ret	4194336	0	923	922
1228	jmp	4194320	0	0	922
1229	ret	4194336	0	922	921
1230	jmp	4194320	0	0	921
1231	ret	4194336	0	921	920
1232	jmp	4194320	0	0	920
1233	ret	4194336	0	920	919
1234	jmp	4194320	0	0	919
1235	ret	4194336	0	919	918
1236	jmp	4194320	0	0	918
1237	ret	4194336	0	918	917
1238	jmp	4194320	0	0	917
1239	ret	4194336	0	917	916
1240	jmp	4194320	0	0	916
1241	ret	4194336	0	916	915
1242	jmp	4194320	0	0	915
1243	ret	4194336	0	915	914
1244	jmp	4194320	0	0	914
1245	ret	4194336	0	914	913
1246	jmp	4194320	0	0	913
1247	ret	4194336	0	913	912
1248	jmp	4194320	0	0	912
1249	ret	4194336	0	912	911
1250	jmp	4194320	0	0	911
1251	ret	4194336	0	911	910
1252	jmp	4194320	0	0	910
1253	ret	4194336	0	910	909
1254	jmp	4194320	0	0	909
1255	ret	4194336	0	909	908
1256	jmp	4194320	0	0	908
1257	ret	4194336	0	908	907
1258	jmp	4194320	0	0	907
1259	ret	4194336	0	907	906
1260	jmp	4194320	0	0	906
1261	ret	4194336	0	906	905
1262	jmp	4194320	0	0	905
1263	ret	4194336	0	905	904
1264	jmp	4194320	0	0	904
1265	ret	4194336	0	904	903
1266	jmp	4194320	0	0	903
1267	ret	4194336	0	903	902
1268	jmp	4194320	0	0	902
1269	ret	4194336	0	902	901
1270	jmp	4194320	0	0	901
1271	ret	4194336	0	901	900
1272	jmp	4194320	0	0	900
1273	ret	4194336	0	900	899
1274	jmp	4194320	0	0	899
1275	ret	4194336	0	899	898
1276	jmp	4194320	0	0	898
1277	ret	4194336	0	898	897
1278	jmp	4194320	0	0	897
1279	ret	4194336	0	897	896
1280	jmp	4194320	0	0	896
1281	ret	4194336	0	896	895
1282	jmp	4194320	0	0	895
1283	ret	4194336	0	895	894
1284	jmp	4194320	0	0	894
1285	ret	4194336	0	894	893
1286	jmp	4194320	0	0	893
1287	ret	4194336	0	893	892
1288	jmp	4194320	0	0	892
1289	ret	4194336	0	892	891
1290	jmp	4194320	0	0	891
1291	ret	4194336	0	891	890
1292	jmp	4194320	0	0	890
1293	ret	4194336	0	890	889
1294	jmp	4194320	0	0	889
1295	ret	4194336	0	889	888
1296	jmp	4194320	0	0	888
1297	ret	4194336	0	888	887
1298	jmp	4194320	0	0	887
1299	ret	4194336	0	887	886
1300	jmp	4194320	0	0	886
1301	ret	4194336	0	886	885
1302	jmp	4194320	0	0	885
1303	ret	4194336	0	885	884
1304	jmp	4194320	0	0	884
1305	ret	4194336	0	884	883
1306	jmp	4194320	0	0	883
1307	ret	4194336	0	883	882
1308	jmp	4194320	0	0	882
1309	ret	4194336	0	882	881
1310	jmp	4194320	0	0	881
1311	ret	4194336	0	881	880
1312	jmp	4194320	0	0	880
1313	ret	4194336	0	880	879
1314	jmp	4194320	0	0	879
1315	ret	4194336	0	879	878
1316	jmp	4194320	0	0	878
1317	ret	4194336	0	878	877
1318	jmp	4194320	0	0	877
1319	ret	4194336	0	877	876
1320	jmp	4194320	0	0	876
1321	ret	4194336	0	876	875
1322	jmp	4194320	0	0	875
1323	ret	4194336	0	875	874
1324	jmp	4194320	0	0	874
1325	ret	4194336	0	874	873
1326	jmp	4194320	0	0	873
1327	ret	4194336	0	873	872
1328	jmp	4194320	0	0	872
1329	ret	4194336	0	872	871
1330	jmp	4194320	0	0	871
1331	ret	4194336	0	871	870
1332	jmp	4194320	0	0	870
1333	ret	4194336	0	870	869
1334	jmp	4194320	0	0	869
1335	ret	4194336	0	869	868
1336	jmp	4194320	0	0	868
1337	ret	4194336	0	868	867
1338	jmp	4194320	0	0	867
1339	ret	4194336	0	867	866
1340	jmp	4194320	0	0	866
1341	ret	4194336	0	866	865
1342	jmp	4194320	0	0	865
1343	ret	4194336	0	865	864
1344	jmp	4194320	0	0	864
1345	ret	4194336	0	864	863
1346	jmp	4194320	0	0	863
1347	ret	4194336	0	863	862
1348	jmp	4194320	0	0	862
1349	ret	4194336	0	862	861
1350	jmp	4194320	0	0	861
1351	ret	4194336	0	861	860
1352	jmp	4194320	0	0	860
1353	ret	4194336	0	860	859
1354	jmp	4194320	0	0	859
1355	ret	4194336	0	859	858
1356	jmp	4194320	0	0	858
1357	ret	4194336	0	858	857
1358	jmp	4194320	0	0	857
1359	ret	4194336	0	857	856
1360	jmp	4194320	0	0	856
1361	ret	4194336	0	856	855
1362	jmp	4194320	0	0	855
1363	ret	4194336	0	855	854
1364	jmp	4194320	0	0	854
1365	ret	4194336	0	854	853
1366	jmp	4194320	0	0	853
1367	ret	4194336	0	853	852
1368	jmp	4194320	0	0	852
1369	ret	4194336	0	852	851
1370	jmp	4194320	0	0	851
1371	ret	4194336	0	851	850
1372	jmp	4194320	0	0	850
1373	ret	4194336	0	850	849
1374	jmp	4194320	0	0	849
1375	ret	4194336	0	849	848
1376	jmp	4194320	0	0	848
1377	ret	4194336	0	848	847
1378	jmp	4194320	0	0	847
1379	ret	4194336	0	847	846
1380	jmp	4194320	0	0	846
1381	ret	4194336	0	846	845
1382	jmp	4194320	0	0	845
1383	ret	4194336	0	845	844
1384	jmp	4194320	0	0	844
1385	ret	4194336	0	844	843
1386	jmp	4194320	0	0	843
1387	ret	4194336	0	843	842
1388	jmp	4194320	0	0	842
1389	ret	4194336	0	842	841
1390	jmp	4194320	0	0	841
1391	ret	4194336	0	841	840
1392	jmp	4194320	0	0	840
1393	ret	4194336	0	840	839
1394	jmp	4194320	0	0	839
1395	ret	4194336	0	839	838
1396	jmp	4194320	0	0	838
1397	ret	4194336	0	838	837
1398	jmp	4194320	0	0	837
1399	ret	4194336	0	837	836
1400	jmp	4194320	0	0	836
1401	ret	4194336	0	836	835
1402	jmp	4194320	0	0	835
1403	ret	4194336	0	835	834
1404	jmp	4194320	0	0	834
1405	ret	4194336	0	834	833
1406	jmp	4194320	0	0	833
1407	ret	4194336	0	833	832
1408	jmp	4194320	0	0	832
1409	ret	4194336	0	832	831
1410	jmp	4194320	0	0	831
1411	ret	4194336	0	831	830
1412	jmp	4194320	0	0	830
1413	ret	4194336	0	830	829
1414	jmp	4194320	0	0	829
1415	ret	4194336	0	829	828
1416	jmp	4194320	0	0	828
1417	ret	4194336	0	828	827
1418	jmp	4194320	0	0	827
1419	ret	4194336	0	827	826
1420	jmp	4194320	0	0	826
1421	ret	4194336	0	826	825
1422	jmp	4194320	0	0	825
1423	ret	4194336	0	825	824
1424	jmp	4194320	0	0	824
1425	ret	4194336	0	824	823
1426	jmp	4194320	0	0	823
1427	ret	4194336	0	823	822
1428	jmp	4194320	0	0	822
1429	ret	4194336	0	822	821
1430	jmp	4194320	0	0	821
1431	ret	4194336	0	821	820
1432	jmp	4194320	0	0	820
1433	ret	4194336	0	820	819
1434	jmp	4194320	0	0	819
1435	ret	4194336	0	819	818
1436	jmp	4194320	0	0	818
1437	ret	4194336	0	818	817
1438	jmp	4194320	0	0	817
1439	ret	4194336	0	817	816
1440	jmp	4194320	0	0	816
1441	ret	4194336	0	816	815
1442	jmp	4194320	0	0	815
1443	ret	4194336	0	815	814
1444	jmp	4194320	0	0	814
1445	ret	4194336	0	814	813
1446	jmp	4194320	0	0	813
1447	ret	4194336	0	813	812
1448	jmp	4194320	0	0	812
1449	ret	4194336	0	812	811
1450	jmp	4194320	0	0	811
1451	ret	4194336	0	811	810
1452	jmp	4194320	0	0	810
1453	ret	4194336	0	810	809
1454	jmp	4194320	0	0	809
1455	ret	4194336	0	809	808
1456	jmp	4194320	0	0	808
1457	ret	4194336	0	808	807
1458	jmp	4194320	0	0	807
1459	ret	4194336	0	807	806
1460	jmp	4194320	0	0	806
1461	ret	4194336	0	806	805
1462	jmp	4194320	0	0	805
1463	ret	4194336	0	805	804
1464	jmp	4194320	0	0	804
1465	ret	4194336	0	804	803
1466	jmp	4194320	0	0	803
1467	ret	4194336	0	803	802
1468	jmp	4194320	0	0	802
1469	ret	4194336	0	802	801
1470	jmp	4194320	0	0	801
1471	ret	4194336	0	801	800
1472	jmp	4194320	0	0	800
1473	ret	4194336	0	800	799
1474	jmp	4194320	0	0	799
1475	ret	4194336	0	799	798
1476	jmp	4194320	0	0	798
1477	ret	4194336	0	798	797
1478	jmp	4194320	0	0	797
1479	ret	4194336	0	797	796
1480	jmp	4194320	0	0	796
1481	ret	4194336	0	796	795
1482	jmp	4194320	0	0	795
1483	ret	4194336	0	795	794
1484	jmp	4194320	0	0	794
1485	ret	4194336	0	794	793
1486	jmp	4194320	0	0	793
1487	ret	4194336	0	793	792
1488	jmp	4194320	0	0	792
1489	ret	4194336	0	792	791
1490	jmp	4194320	0	0	791
1491	ret	4194336	0	791	790
1492	jmp	4194320	0	0	790
1493	ret	4194336	0	790	789
1494	jmp	4194320	0	0	789
1495	ret	4194336	0	789	788
1496	jmp	4194320	0	0	788
1497	ret	4194336	0	788	787
1498	jmp	4194320	0	0	787
1499	ret	4194336	0	787	786
1500	jmp	4194320	0	0	786
1501	ret	4194336	0	786	785
1502	jmp	4194320	0	0	785
1503	ret	4194336	0	785	784
1504	jmp	4194320	0	0	784
1505	ret	4194336	0	784	783
1506	jmp	4194320	0	0	783
1507	ret	4194336	0	783	782
1508	jmp	4194320	0	0	782
1509	ret	4194336	0	782	781
1510	jmp	4194320	0	0	781
1511	ret	4194336	0	781	780
1512	jmp	4194320	0	0	780
1513	ret	4194336	0	780	779
1514	jmp	4194320	0	0	779
1515	ret	4194336	0	779	778
1516	jmp	4194320	0	0	778
1517	ret	4194336	0	778	777
1518	jmp	4194320	0	0	777
1519	ret	4194336	0	777	776
1520	jmp	4194320	0	0	776
1521	ret	4194336	0	776	775
1522	jmp	4194320	0	0	775
1523	ret	4194336	0	775	774
1524	jmp	4194320	0	0	774
1525	ret	4194336	0	774	773
1526	jmp	4194320	0	0	773
1527	ret	4194336	0	773	772
1528	jmp	4194320	0	0	772
1529	ret	4194336	0	772	771
1530	jmp	4194320	0	0	771
1531	ret	4194336	0	771	770
1532	jmp	4194320	0	0	770
1533	ret	4194336	0	770	769
1534	jmp	4194320	0	0	769
1535	ret	4194336	0	769	768
1536	jmp	4194320	0	0	768
1537	ret	4194336	0	768	767
1538	jmp	4194320	0	0	767
1539	ret	4194336	0	767	766
1540	jmp	4194320	0	0	766
1541	ret	4194336	0	766	765
1542	jmp	4194320	0	0	765
1543	ret	4194336	0	765	764
1544	jmp	4194320	0	0	764
1545	ret	4194336	0	764	763
1546	jmp	4194320	0	0	763
1547	ret	4194336	0	763	762
1548	jmp	4194320	0	0	762
1549	ret	4194336	0	762	761
1550	jmp	4194320	0	0	761
1551	ret	4194336	0	761	760
1552	jmp	4194320	0	0	760
1553	ret	4194336	0	760	759
1554	jmp	4194320	0	0	759
1555	ret	4194336	0	759	758
1556	jmp	4194320	0	0	758
1557	ret	4194336	0	758	757
1558	jmp	4194320	0	0	757
1559	ret	4194336	0	757	756
1560	jmp	4194320	0	0	756
1561	ret	4194336	0	756	755
1562	jmp	4194320	0	0	755
1563	ret	4194336	0	755	754
1564	jmp	4194320	0	0	754
1565	ret	4194336	0	754	753
1566	jmp	4194320	0	0	753
1567	ret	4194336	0	753	752
1568	jmp	4194320	0	0	752
1569	ret	4194336	0	752	751
1570	jmp	4194320	0	0	751
1571	ret	4194336	0	751	750
1572	jmp	4194320	0	0	750
1573	ret	4194336	0	750	749
1574	jmp	4194320	0	0	749
1575	ret	4194336	0	749	748
1576	jmp	4194320	0	0	748
1577	ret	4194336	0	748	747
1578	jmp	4194320	0	0	747
1579	ret	4194336	0	747	746
1580	jmp	4194320	0	0	746
1581	ret	4194336	0	746	745
1582	jmp	4194320	0	0	745
1583	ret	4194336	0	745	744
1584	jmp	4194320	0	0	744
1585	ret	4194336	0	744	743
1586	jmp	4194320	0	0	743
1587	ret	4194336	0	743	742
1588	jmp	4194320	0	0	742
1589	ret	4194336	0	742	741
1590	jmp	4194320	0	0	741
1591	ret	4194336	0	741	740
1592	jmp	4194320	0	0	740
1593	ret	4194336	0	740	739
1594	jmp	4194320	0	0	739
1595	ret	4194336	0	739	738
1596	jmp	4194320	0	0	738
1597	ret	4194336	0	738	737
1598	jmp	4194320	0	0	737
1599	ret	4194336	0	737	736
1600	jmp	4194320	0	0	736
1601	ret	4194336	0	736	735
1602	jmp	4194320	0	0	735
1603	ret	4194336	0	735	734
1604	jmp	4194320	0	0	734
1605	ret	4194336	0	734	733
1606	jmp	4194320	0	0	733
1607	ret	4194336	0	733	732
1608	jmp	4194320	0	0	732
1609	ret	4194336	0	732	731
1610	jmp	4194320	0	0	731
1611	ret	4194336	0	731	730
1612	jmp	4194320	0	0	730
1613	ret	4194336	0	730	729
1614	jmp	4194320	0	0	729
1615	ret	4194336	0	729	728
1616	jmp	4194320	0	0	728
1617	ret	4194336	0	728	727
1618	jmp	4194320	0	0	727
1619	ret	4194336	0	727	726
1620	jmp	4194320	0	0	726
1621	ret	4194336	0	726	725
1622	jmp	4194320	0	0	725
1623	ret	4194336	0	725	724
1624	jmp	4194320	0	0	724
1625	ret	4194336	0	724	723
1626	jmp	4194320	0	0	723
1627	ret	4194336	0	723	722
1628	jmp	4194320	0	0	722
1629	ret	4194336	0	722	721
1630	jmp	4194320	0	0	721
1631	ret	4194336	0	721	720
1632	jmp	4194320	0	0	720
1633	ret	4194336	0	720	719
1634	jmp	4194320	0	0	719
1635	ret	4194336	0	719	718
1636	jmp	4194320	0	0	718
1637	ret	4194336	0	718	717
1638	jmp	4194320	0	0	717
1639	ret	4194336	0	717	716
1640	jmp	4194320	0	0	716
1641	ret	4194336	0	716	715
1642	jmp	4194320	0	0	715
1643	ret	4194336	0	715	714
1644	jmp	4194320	0	0	714
1645	ret	4194336	0	714	713
1646	jmp	4194320	0	0	713
1647	ret	4194336	0	713	712
1648	jmp	4194320	0	0	712
1649	ret	4194336	0	712	711
1650	jmp	4194320	0	0	711
1651	ret	4194336	0	711	710
1652	jmp	4194320	0	0	710
1653	ret	4194336	0	710	709
1654	jmp	4194320	0	0	709
1655	ret	4194336	0	709	708
1656	jmp	4194320	0	0	708
1657	ret	4194336	0	708	707
1658	jmp	4194320	0	0	707
1659	ret	4194336	0	707	706
1660	jmp	4194320	0	0	706
1661	ret	4194336	0	706	705
1662	jmp	4194320	0	0	705
1663	ret	4194336	0	705	704
1664	jmp	4194320	0	0	704
1665	ret	4194336	0	704	703
1666	jmp	4194320	0	0	703
1667	ret	4194336	0	703	702
1668	jmp	4194320	0	0	702
1669	ret	4194336	0	702	701
1670	jmp	4194320	0	0	701
1671	ret	4194336	0	701	700
1672	jmp	4194320	0	0	700
1673	ret	4194336	0	700	699
1674	jmp	4194320	0	0	699
1675	ret	4194336	0	699	698
1676	jmp	4194320	0	0	698
1677	ret	4194336	0	698	697
1678	jmp	4194320	0	0	697
1679	ret	4194336	0	697	696
1680	jmp	4194320	0	0	696
1681	ret	4194336	0	696	695
1682	jmp	4194320	0	0	695
1683	ret	4194336	0	695	694
1684	jmp	4194320	0	0	694
1685	ret	4194336	0	694	693
1686	jmp	4194320	0	0	693
1687	ret	4194336	0	693	692
1688	jmp	4194320	0	0	692
1689	ret	4194336	0	692	691
1690	jmp	4194320	0	0	691
1691	ret	4194336	0	691	690
1692	jmp	4194320	0	0	690
1693	ret	4194336	0	690	689
1694	jmp	4194320	0	0	689
1695	ret	4194336	0	689	688
1696	jmp	4194320	0	0	688
1697	ret	4194336	0	688	687
1698	jmp	4194320	0	0	687
1699	ret	4194336	0	687	686
1700	jmp	4194320	0	0	686
1701	ret	4194336	0	686	685
1702	jmp	4194320	0	0	685
1703	ret	4194336	0	685	684
1704	jmp	4194320	0	0	684
1705	ret	4194336	0	684	683
1706	jmp	4194320	0	0	683
1707	ret	4194336	0	683	682
1708	jmp	4194320	0	0	682
1709	ret	4194336	0	682	681
1710	jmp	4194320	0	0	681
1711	ret	4194336	0	681	680
1712	jmp	4194320	0	0	680
1713	ret	4194336	0	680	679
1714	jmp	4194320	0	0	679
1715	ret	4194336	0	679	678
1716	jmp	4194320	0	0	678
1717	ret	4194336	0	678	677
1718	jmp	4194320	0	0	677
1719	ret	4194336	0	677	676
1720	jmp	4194320	0	0	676
1721	ret	4194336	0	676	675
1722	jmp	4194320	0	0	675
1723	ret	4194336	0	675	674
1724	jmp	4194320	0	0	674
1725	ret	4194336	0	674	673
1726	jmp	4194320	0	0	673
1727	ret	4194336	0	673	672
1728	jmp	4194320	0	0	672
1729	ret	4194336	0	672	671
1730	jmp	4194320	0	0	671
1731	ret	4194336	0	671	670
1732	jmp	4194320	0	0	670
1733	ret	4194336	0	670	669
1734	jmp	4194320	0	0	669
1735	ret	4194336	0	669	668
1736	jmp	4194320	0	0	668
1737	ret	4194336	0	668	667
1738	jmp	4194320	0	0	667
1739	ret	4194336	0	667	666
1740	jmp	4194320	0	0	666
1741	ret	4194336	0	666	665
1742	jmp	4194320	0	0	665
1743	ret	4194336	0	665	664
1744	jmp	4194320	0	0	664
1745	ret	4194336	0	664	663
1746	jmp	4194320	0	0	663
1747	ret	4194336	0	663	662
1748	jmp	4194320	0	0	662
1749	ret	4194336	0	662	661
1750	jmp	4194320	0	0	661
1751	ret	4194336	0	661	660
1752	jmp	4194320	0	0	660
1753	ret	4194336	0	660	659
1754	jmp	4194320	0	0	659
1755	ret	4194336	0	659	658
1756	jmp	4194320	0	0	658
1757	ret	4194336	0	658	657
1758	jmp	4194320	0	0	657
1759	ret	4194336	0	657	656
1760	jmp	4194320	0	0	656
1761	ret	4194336	0	656	655
1762	jmp	4194320	0	0	655
1763	ret	4194336	0	655	654
1764	jmp	4194320	0	0	654
1765	ret	4194336	0	654	653
1766	jmp	4194320	0	0	653
1767	ret	4194336	0	653	652
1768	jmp	4194320	0	0	652
1769	ret	4194336	0	652	651
1770	jmp	4194320	0	0	651
1771	ret	4194336	0	651	650
1772	jmp	4194320	0	0	650
1773	ret	4194336	0	650	649
1774	jmp	4194320	0	0	649
1775	ret	4194336	0	649	648
1776	jmp	4194320	0	0	648
1777	ret	4194336	0	648	647
1778	jmp	4194320	0	0	647
1779	ret	4194336	0	647	646
1780	jmp	4194320	0	0	646
1781	ret	4194336	0	646	645
1782	jmp	4194320	0	0	645
1783	ret	4194336	0	645	644
1784	jmp	4194320	0	0	644
1785	ret	4194336	0	644	643
1786	jmp	4194320	0	0	643
1787	ret	4194336	0	643	642
1788	jmp	4194320	0	0	642
1789	ret	4194336	0	642	641
1790	jmp	4194320	0	0	641
1791	ret	4194336	0	641	640
1792	jmp	4194320	0	0	640
1793	ret	4194336	0	640	639
1794	jmp	4194320	0	0	639
1795	ret	4194336	0	639	638
1796	jmp	4194320	0	0	638
1797	ret	4194336	0	638	637
1798	jmp	4194320	0	0	637
1799	ret	4194336	0	637	636
1800	jmp	4194320	0	0	636
1801	ret	4194336	0	636	635
1802	jmp	4194320	0	0	635
1803	ret	4194336	0	635	634
1804	jmp	4194320	0	0	634
1805	ret	4194336	0	634	633
1806	jmp	4194320	0	0	633
1807	ret	4194336	0	633	632
1808	jmp	4194320	0	0	632
1809	ret	4194336	0	632	631
1810	jmp	4194320	0	0	631
1811	ret	4194336	0	631	630
1812	jmp	4194320	0	0	630
1813	ret	4194336	0	630	629
1814	jmp	4194320	0	0	629
1815	ret	4194336	0	629	628
1816	jmp	4194320	0	0	628
1817	ret	4194336	0	628	627
1818	jmp	4194320	0	0	627
1819	ret	4194336	0	627	626
1820	jmp	4194320	0	0	626
1821	ret	4194336	0	626	625
1822	jmp	4194320	0	0	625
1823	ret	4194336	0	625	624
1824	jmp	4194320	0	0	624
1825	ret	4194336	0	624	623
1826	jmp	4194320	0	0	623
1827	ret	4194336	0	623	622
1828	jmp	4194320	0	0	622
1829	ret	4194336	0	622	621
1830	jmp	4194320	0	0	621
1831	ret	4194336	0	621	620
1832	jmp	4194320	0	0	620
1833	ret	4194336	0	620	619
1834	jmp	4194320	0	0	619
1835	ret	4194336	0	619	618
1836	jmp	4194320	0	0	618
1837	ret	4194336	0	618	617
1838	jmp	4194320	0	0	617
1839	ret	4194336	0	617	616
1840	jmp	4194320	0	0	616
1841	ret	4194336	0	616	615
1842	jmp	4194320	0	0	615
1843	ret	4194336	0	615	614
1844	jmp	4194320	0	0	614
1845	ret	4194336	0	614	613
1846	jmp	4194320	0	0	613
1847	ret	4194336	0	613	612
1848	jmp	4194320	0	0	612
1849	ret	4194336	0	612	611
1850	jmp	4194320	0	0	611
1851	ret	4194336	0	611	610
1852	jmp	4194320	0	0	610
1853	ret	4194336	0	610	609
1854	jmp	4194320	0	0	609
1855	ret	4194336	0	609	608
1856	jmp	4194320	0	0	608
1857	ret	4194336	0	608	607
1858	jmp	4194320	0	0	607
1859	ret	4194336	0	607	606
1860	jmp	4194320	0	0	606
1861	ret	4194336	0	606	605
1862	jmp	4194320	0	0	605
1863	ret	4194336	0	605	604
1864	jmp	4194320	0	0	604
1865	ret	4194336	0	604	603
1866	jmp	4194320	0	0	603
1867	ret	4194336	0	603	602
1868	jmp	4194320	0	0	602
1869	ret	4194336	0	602	601
1870	jmp	4194320	0	0	601
1871	ret	4194336	0	601	600
1872	jmp	4194320	0	0	600
1873	ret	4194336	0	600	599
1874	jmp	4194320	0	0	599
1875	ret	4194336	0	599	598
1876	jmp	4194320	0	0	598
1877	ret	4194336	0	598	597
1878	jmp	4194320	0	0	597
1879	ret	4194336	0	597	596
1880	jmp	4194320	0	0	596
1881	ret	4194336	0	596	595
1882	jmp	4194320	0	0	595
1883	ret	4194336	0	595	594
1884	jmp	4194320	0	0	594
1885	ret	4194336	0	594	593
1886	jmp	4194320	0	0	593
1887	ret	4194336	0	593	592
1888	jmp	4194320	0	0	592
1889	ret	4194336	0	592	591
1890	jmp	4194320	0	0	591
1891	ret	4194336	0	591	590
1892	jmp	4194320	0	0	590
1893	ret	4194336	0	590	589
1894	jmp	4194320	0	0	589
1895	ret	4194336	0	589	588
1896	jmp	4194320	0	0	588
1897	ret	4194336	0	588	587
1898	jmp	4194320	0	0	587
1899	ret	4194336	0	587	586
1900	jmp	4194320	0	0	586
1901	ret	4194336	0	586	585
1902	jmp	4194320	0	0	585
1903	ret	4194336	0	585	584
1904	jmp	4194320	0	0	584
1905	ret	4194336	0	584	583
1906	jmp	4194320	0	0	583
1907	ret	4194336	0	583	582
1908	jmp	4194320	0	0	582
1909	ret	4194336	0	582	581
1910	jmp	4194320	0	0	581
1911	ret	4194336	0	581	580
1912	jmp	4194320	0	0	580
1913	ret	4194336	0	580	579
1914	jmp	4194320	0	0	579
1915	ret	4194336	0	579	578
1916	jmp	4194320	0	0	578
1917	ret	4194336	0	578	577
1918	jmp	4194320	0	0	577
1919	ret	4194336	0	577	576
1920	jmp	4194320	0	0	576
1921	ret	4194336	0	576	575
1922	jmp	4194320	0	0	575
1923	ret	4194336	0	575	574
1924	jmp	4194320	0	0	574
1925	ret	4194336	0	574	573
1926	jmp	4194320	0	0	573
1927	ret	4194336	0	573	572
1928	jmp	4194320	0	0	572
1929	ret	4194336	0	572	571
1930	jmp	4194320	0	0	571
1931	ret	4194336	0	571	570
1932	jmp	4194320	0	0	570
1933	ret	4194336	0	570	569
1934	jmp	4194320	0	0	569
1935	ret	4194336	0	569	568
1936	jmp	4194320	0	0	568
1937	ret	4194336	0	568	567
1938	jmp	4194320	0	0	567
1939	ret	4194336	0	567	566
1940	jmp	4194320	0	0	566
1941	ret	4194336	0	566	565
1942	jmp	4194320	0	0	565
1943	ret	4194336	0	565	564
1944	jmp	4194320	0	0	564
1945	ret	4194336	0	564	563
1946	jmp	4194320	0	0	563
1947	ret	4194336	0	563	562
1948	jmp	4194320	0	0	562
1949	ret	4194336	0	562	561
1950	jmp	4194320	0	0	561
1951	ret	4194336	0	561	560
1952	jmp	4194320	0	0	560
1953	ret	4194336	0	560	559
1954	jmp	4194320	0	0	559
1955	ret	4194336	0	559	558
1956	jmp	4194320	0	0	558
1957	ret	4194336	0	558	557
1958	jmp	4194320	0	0	557
1959	ret	4194336	0	557	556
1960	jmp	4194320	0	0	556
1961	ret	4194336	0	556	555
1962	jmp	4194320	0	0	555
1963	ret	4194336	0	555	554
1964	jmp	4194320	0	0	554
1965	ret	4194336	0	554	553
1966	jmp	4194320	0	0	553
1967	ret	4194336	0	553	552
1968	jmp	4194320	0	0	552
1969	ret	4194336	0	552	551
1970	jmp	4194320	0	0	551
1971	ret	4194336	0	551	550
1972	jmp	4194320	0	0	550
1973	ret	4194336	0	550	549
1974	jmp	4194320	0	0	549
1975	ret	4194336	0	549	548
1976	jmp	4194320	0	0	548
1977	ret	4194336	0	548	547
1978	jmp	4194320	0	0	547
1979	ret	4194336	0	547	546
1980	jmp	4194320	0	0	546
1981	ret	4194336	0	546	545
1982	jmp	4194320	0	0	545
1983	ret	4194336	0	545	544
1984	jmp	4194320	0	0	544
1985	ret	4194336	0	544	543
1986	jmp	4194320	0	0	543
1987	ret	4194336	0	543	542
1988	jmp	4194320	0	0	542
1989	ret	4194336	0	542	541
1990	jmp	4194320	0	0	541
1991	ret	4194336	0	541	540
1992	jmp	4194320	0	0	540
1993	ret	4194336	0	540	539
1994	jmp	4194320	0	0	539
1995	ret	4194336	0	539	538
1996	jmp	4194320	0	0	538
1997	ret	4194336	0	538	537
1998	jmp	4194320	0	0	537
1999	ret	4194336	0	537	536
2000	jmp	4194320	0	0	536
2001	ret	4194336	0	536	535
2002	jmp	4194320	0	0	535
2003	ret	4194336	0	535	534
2004	jmp	4194320	0	0	534
2005	ret	4194336	0	534	533
2006	jmp	4194320	0	0	533
2007	ret	4194336	0	533	532
2008	jmp	4194320	0	0	532
2009	ret	4194336	0	532	531
2010	jmp	4194320	0	0	531
2011	ret	4194336	0	531	530
2012	jmp	4194320	0	0	530
2013	ret	4194336	0	530	529
2014	jmp	4194320	0	0	529
2015	ret	4194336	0	529	528
2016	jmp	4194320	0	0	528
2017	ret	4194336	0	528	527
2018	jmp	4194320	0	0	527
2019	ret	4194336	0	527	526
2020	jmp	4194320	0	0	526
2021	ret	4194336	0	526	525
2022	jmp	4194320	0	0	525
2023	ret	4194336	0	525	524
2024	jmp	4194320	0	0	524
2025	ret	4194336	0	524	523
2026	jmp	4194320	0	0	523
2027	ret	4194336	0	523	522
2028	jmp	4194320	0	0	522
2029	ret	4194336	0	522	521
2030	jmp	4194320	0	0	521
2031	ret	4194336	0	521	520
2032	jmp	4194320	0	0	520
2033	ret	4194336	0	520	519
2034	jmp	4194320	0	0	519
2035	ret	4194336	0	519	518
2036	jmp	4194320	0	0	518
2037	ret	4194336	0	518	517
2038	jmp	4194320	0	0	517
2039	ret	4194336	0	517	516
2040	jmp	4194320	0	0	516
2041	ret	4194336	0	516	515
2042	jmp	4194320	0	0	515
2043	ret	4194336	0	515	514
2044	jmp	4194320	0	0	514
2045	ret	4194336	0	514	513
2046	jmp	4194320	0	0	513
2047	ret	4194336	0	513	512
2048	jmp	4194320	0	0	512
2049	ret	4194336	0	512	511
2050	jmp	4194320	0	0	511
2051	ret	4194336	0	511	510
2052	jmp	4194320	0	0	510
2053	ret	4194336	0	510	509
2054	jmp	4194320	0	0	509
2055	ret	4194336	0	509	508
2056	jmp	4194320	0	0	508
2057	ret	4194336	0	508	507
2058	jmp	4194320	0	0	507
2059	ret	4194336	0	507	506
2060	jmp	4194320	0	0	506
2061	ret	4194336	0	506	505
2062	jmp	4194320	0	0	505
2063	ret	4194336	0	505	504
2064	jmp	4194320	0	0	504
2065	ret	4194336	0	504	503
2066	jmp	4194320	0	0	503
2067	ret	4194336	0	503	502
2068	jmp	4194320	0	0	502
2069	ret	4194336	0	502	501
2070	jmp	4194320	0	0	501
2071	ret	4194336	0	501	500
2072	jmp	4194320	0	0	500
2073	ret	4194336	0	500	499
2074	jmp	4194320	0	0	499
2075	ret	4194336	0	499	498
2076	jmp	4194320	0	0	498
2077	ret	4194336	0	498	497
2078	jmp	4194320	0	0	497
2079	ret	4194336	0	497	496
2080	jmp	4194320	0	0	496
2081	ret	4194336	0	496	495
2082	jmp	4194320	0	0	495
2083	ret	4194336	0	495	494
2084	jmp	4194320	0	0	494
2085	ret	4194336	0	494	493
2086	jmp	4194320	0	0	493
2087	ret	4194336	0	493	492
2088	jmp	4194320	0	0	492
2089	ret	4194336	0	492	491
2090	jmp	4194320	0	0	491
2091	ret	4194336	0	491	490
2092	jmp	4194320	0	0	490
2093	ret	4194336	0	490	489
2094	jmp	4194320	0	0	489
2095	ret	4194336	0	489	488
2096	jmp	4194320	0	0	488
2097	ret	4194336	0	488	487
2098	jmp	4194320	0	0	487
2099	ret	4194336	0	487	486
2100	jmp	4194320	0	0	486
2101	ret	4194336	0	486	485
2102	jmp	4194320	0	0	485
2103	ret	4194336	0	485	484
2104	jmp	4194320	0	0	484
2105	ret	4194336	0	484	483
2106	jmp	4194320	0	0	483
2107	ret	4194336	0	483	482
2108	jmp	4194320	0	0	482
2109	ret	4194336	0	482	481
2110	jmp	4194320	0	0	481
2111	ret	4194336	0	481	480
2112	jmp	4194320	0	0	480
2113	ret	4194336	0	480	479
2114	jmp	4194320	0	0	479
2115	ret	4194336	0	479	478
2116	jmp	4194320	0	0	478
2117	ret	4194336	0	478	477
2118	jmp	4194320	0	0	477
2119	ret	4194336	0	477	476
2120	jmp	4194320	0	0	476
2121	ret	4194336	0	476	475
2122	jmp	4194320	0	0	475
2123	ret	4194336	0	475	474
2124	jmp	4194320	0	0	474
2125	ret	4194336	0	474	473
2126	jmp	4194320	0	0	473
2127	ret	4194336	0	473	472
2128	jmp	4194320	0	0	472
2129	ret	4194336	0	472	471
2130	jmp	4194320	0	0	471
2131	ret	4194336	0	471	470
2132	jmp	4194320	0	0	470
2133	ret	4194336	0	470	469
2134	jmp	4194320	0	0	469
2135	ret	4194336	0	469	468
2136	jmp	4194320	0	0	468
2137	ret	4194336	0	468	467
2138	jmp	4194320	0	0	467
2139	ret	4194336	0	467	466
2140	jmp	4194320	0	0	466
2141	ret	4194336	0	466	465
2142	jmp	4194320	0	0	465
2143	ret	4194336	0	465	464
2144	jmp	4194320	0	0	464
2145	ret	4194336	0	464	463
2146	jmp	4194320	0	0	463
2147	ret	4194336	0	463	462
2148	jmp	4194320	0	0	462
2149	ret	4194336	0	462	461
2150	jmp	4194320	0	0	461
2151	ret	4194336	0	461	460
2152	jmp	4194320	0	0	460
2153	ret	4194336	0	460	459
2154	jmp	4194320	0	0	459
2155	ret	4194336	0	459	458
2156	jmp	4194320	0	0	458
2157	ret	4194336	0	458	457
2158	jmp	4194320	0	0	457
2159	ret	4194336	0	457	456
2160	jmp	4194320	0	0	456
2161	ret	4194336	0	456	455
2162	jmp	4194320	0	0	455
2163	ret	4194336	0	455	454
2164	jmp	4194320	0	0	454
2165	ret	4194336	0	454	453
2166	jmp	4194320	0	0	453
2167	ret	4194336	0	453	452
2168	jmp	4194320	0	0	452
2169	ret	4194336	0	452	451
2170	jmp	4194320	0	0	451
2171	ret	4194336	0	451	450
2172	jmp	4194320	0	0	450
2173	ret	4194336	0	450	449
2174	jmp	4194320	0	0	449
2175	ret	4194336	0	449	448
2176	jmp	4194320	0	0	448
2177	ret	4194336	0	448	447
2178	jmp	4194320	0	0	447
2179	ret	4194336	0	447	446
2180	jmp	4194320	0	0	446
2181	ret	4194336	0	446	445
2182	jmp	4194320	0	0	445
2183	ret	4194336	0	445	444
2184	jmp	4194320	0	0	444
2185	ret	4194336	0	444	443
2186	jmp	4194320	0	0	443
2187	ret	4194336	0	443	442
2188	jmp	4194320	0	0	442
2189	ret	4194336	0	442	441
2190	jmp	4194320	0	0	441
2191	ret	4194336	0	441	440
2192	jmp	4194320	0	0	440
2193	ret	4194336	0	440	439
2194	jmp	4194320	0	0	439
2195	ret	4194336	0	439	438
2196	jmp	4194320	0	0	438
2197	ret	4194336	0	438	437
2198	jmp	4194320	0	0	437
2199	ret	4194336	0	437	436
2200	jmp	4194320	0	0	436
2201	ret	4194336	0	436	435
2202	jmp	4194320	0	0	435
2203	ret	4194336	0	435	434
2204	jmp	4194320	0	0	434
2205	ret	4194336	0	434	433
2206	jmp	4194320	0	0	433
2207	ret	4194336	0	433	432
2208	jmp	4194320	0	0	432
2209	ret	4194336	0	432	431
2210	jmp	4194320	0	0	431
2211	ret	4194336	0	431	430
2212	jmp	4194320	0	0	430
2213	ret	4194336	0	430	429
2214	jmp	4194320	0	0	429
2215	ret	4194336	0	429	428
2216	jmp	4194320	0	0	428
2217	ret	4194336	0	428	427
2218	jmp	4194320	0	0	427
2219	ret	4194336	0	427	426
2220	jmp	4194320	0	0	426
2221	ret	4194336	0	426	425
2222	jmp	4194320	0	0	425
2223	ret	4194336	0	425	424
2224	jmp	4194320	0	0	424
2225	ret	4194336	0	424	423
2226	jmp	4194320	0	0	423
2227	ret	4194336	0	423	422
2228	jmp	4194320	0	0	422
2229	ret	4194336	0	422	421
2230	jmp	4194320	0	0	421
2231	ret	4194336	0	421	420
2232	jmp	4194320	0	0	420
2233	ret	4194336	0	420	419
2234	jmp	4194320	0	0	419
2235	ret	4194336	0	419	418
2236	jmp	4194320	0	0	418
2237	ret	4194336	0	418	417
2238	jmp	4194320	0	0	417
2239	ret	4194336	0	417	416
2240	jmp	4194320	0	0	416
2241	ret	4194336	0	416	415
2242	jmp	4194320	0	0	415
2243	ret	4194336	0	415	414
2244	jmp	4194320	0	0	414
2245	ret	4194336	0	414	413
2246	jmp	4194320	0	0	413
2247	ret	4194336	0	413	412
2248	jmp	4194320	0	0	412
2249	ret	4194336	0	412	411
2250	jmp	4194320	0	0	411
2251	ret	4194336	0	411	410
2252	jmp	4194320	0	0	410
2253	ret	4194336	0	410	409
2254	jmp	4194320	0	0	409
2255	ret	4194336	0	409	408
2256	jmp	4194320	0	0	408
2257	ret	4194336	0	408	407
2258	jmp	4194320	0	0	407
2259	ret	4194336	0	407	406
2260	jmp	4194320	0	0	406
2261	ret	4194336	0	406	405
2262	jmp	4194320	0	0	405
2263	ret	4194336	0	405	404
2264	jmp	4194320	0	0	404
2265	ret	4194336	0	404	403
2266	jmp	4194320	0	0	403
2267	ret	4194336	0	403	402
2268	jmp	4194320	0	0	402
2269	ret	4194336	0	402	401
2270	jmp	4194320	0	0	401
2271	ret	4194336	0	401	400
2272	jmp	4194320	0	0	400
2273	ret	4194336	0	400	399
2274	jmp	4194320	0	0	399
2275	ret	4194336	0	399	398
2276	jmp	4194320	0	0	398
2277	ret	4194336	0	398	397
2278	jmp	4194320	0	0	397
2279	ret	4194336	0	397	396
2280	jmp	4194320	0	0	396
2281	ret	4194336	0	396	395
2282	jmp	4194320	0	0	395
2283	ret	4194336	0	395	394
2284	jmp	4194320	0	0	394
2285	ret	4194336	0	394	393
2286	jmp	4194320	0	0	393
2287	ret	4194336	0	393	392
2288	jmp	4194320	0	0	392
2289	ret	4194336	0	392	391
2290	jmp	4194320	0	0	391
2291	ret	4194336	0	391	390
2292	jmp	4194320	0	0	390
2293	ret	4194336	0	390	389
2294	jmp	4194320	0	0	389
2295	ret	4194336	0	389	388
2296	jmp	4194320	0	0	388
2297	ret	4194336	0	388	387
2298	jmp	4194320	0	0	387
2299	ret	4194336	0	387	386
2300	jmp	4194320	0	0	386
2301	ret	4194336	0	386	385
2302	jmp	4194320	0	0	385
2303	ret	4194336	0	385	384
2304	jmp	4194320	0	0	384
2305	ret	4194336	0	384	383
2306	jmp	4194320	0	0	383
2307	ret	4194336	0	383	382
2308	jmp	4194320	0	0	382
2309	ret	4194336	0	382	381
2310	jmp	4194320	0	0	381
2311	ret	4194336	0	381	380
2312	jmp	4194320	0	0	380
2313	ret	4194336	0	380	379
2314	jmp	4194320	0	0	379
2315	ret	4194336	0	379	378
2316	jmp	4194320	0	0	378
2317	ret	4194336	0	378	377
2318	jmp	4194320	0	0	377
2319	ret	4194336	0	377	376
2320	jmp	4194320	0	0	376
2321	ret	4194336	0	376	375
2322	jmp	4194320	0	0	375
2323	ret	4194336	0	375	374
2324	jmp	4194320	0	0	374
2325	ret	4194336	0	374	373
2326	jmp	4194320	0	0	373
2327	ret	4194336	0	373	372
2328	jmp	4194320	0	0	372
2329	ret	4194336	0	372	371
2330	jmp	4194320	0	0	371
2331	ret	4194336	0	371	370
2332	jmp	4194320	0	0	370
2333	ret	4194336	0	370	369
2334	jmp	4194320	0	0	369
2335	ret	4194336	0	369	368
2336	jmp	4194320	0	0	368
2337	ret	4194336	0	368	367
2338	jmp	4194320	0	0	367
2339	ret	4194336	0	367	366
2340	jmp	4194320	0	0	366
2341	ret	4194336	0	366	365
2342	jmp	4194320	0	0	365
2343	ret	4194336	0	365	364
2344	jmp	4194320	0	0	364
2345	ret	4194336	0	364	363
2346	jmp	4194320	0	0	363
2347	ret	4194336	0	363	362
2348	jmp	4194320	0	0	362
2349	ret	4194336	0	362	361
2350	jmp	4194320	0	0	361
2351	ret	4194336	0	361	360
2352	jmp	4194320	0	0	360
2353	ret	4194336	0	360	359
2354	jmp	4194320	0	0	359
2355	ret	4194336	0	359	358
2356	jmp	4194320	0	0	358
2357	ret	4194336	0	358	357
2358	jmp	4194320	0	0	357
2359	ret	4194336	0	357	356
2360	jmp	4194320	0	0	356
2361	ret	4194336	0	356	355
2362	jmp	4194320	0	0	355
2363	ret	4194336	0	355	354
2364	jmp	4194320	0	0	354
2365	ret	4194336	0	354	353
2366	jmp	4194320	0	0	353
2367	ret	4194336	0	353	352
2368	jmp	4194320	0	0	352
2369	ret	4194336	0	352	351
2370	jmp	4194320	0	0	351
2371	ret	4194336	0	351	350
2372	jmp	4194320	0	0	350
2373	ret	4194336	0	350	349
2374	jmp	4194320	0	0	349
2375	ret	4194336	0	349	348
2376	jmp	4194320	0	0	348
2377	ret	4194336	0	348	347
2378	jmp	4194320	0	0	347
2379	ret	4194336	0	347	346
2380	jmp	4194320	0	0	346
2381	ret	4194336	0	346	345
2382	jmp	4194320	0	0	345
2383	ret	4194336	0	345	344
2384	jmp	4194320	0	0	344
2385	ret	4194336	0	344	343
2386	jmp	4194320	0	0	343
2387	ret	4194336	0	343	342
2388	jmp	4194320	0	0	342
2389	ret	4194336	0	342	341
2390	jmp	4194320	0	0	341
2391	ret	4194336	0	341	340
2392	jmp	4194320	0	0	340
2393	ret	4194336	0	340	339
2394	jmp	4194320	0	0	339
2395	ret	4194336	0	339	338
2396	jmp	4194320	0	0	338
2397	ret	4194336	0	338	337
2398	jmp	4194320	0	0	337
2399	ret	4194336	0	337	336
2400	jmp	4194320	0	0	336
2401	ret	4194336	0	336	335
2402	jmp	4194320	0	0	335
2403	ret	4194336	0	335	334
2404	jmp	4194320	0	0	334
2405	ret	4194336	0	334	333
2406	jmp	4194320	0	0	333
2407	ret	4194336	0	333	332
2408	jmp	4194320	0	0	332
2409	ret	4194336	0	332	331
2410	jmp	4194320	0	0	331
2411	ret	4194336	0	331	330
2412	jmp	4194320	0	0	330
2413	ret	4194336	0	330	329
2414	jmp	4194320	0	0	329
2415	ret	4194336	0	329	328
2416	jmp	4194320	0	0	328
2417	ret	4194336	0	328	327
2418	jmp	4194320	0	0	327
2419	ret	4194336	0	327	326
2420	jmp	4194320	0	0	326
2421	ret	4194336	0	326	325
2422	jmp	4194320	0	0	325
2423	ret	4194336	0	325	324
2424	jmp	4194320	0	0	324
2425	ret	4194336	0	324	323
2426	jmp	4194320	0	0	323
2427	ret	4194336	0	323	322
2428	jmp	4194320	0	0	322
2429	ret	4194336	0	322	321
2430	jmp	4194320	0	0	321
2431	ret	4194336	0	321	320
2432	jmp	4194320	0	0	320
2433	ret	4194336	0	320	319
2434	jmp	4194320	0	0	319
2435	ret	4194336	0	319	318
2436	jmp	4194320	0	0	318
2437	ret	4194336	0	318	317
2438	jmp	4194320	0	0	317
2439	ret	4194336	0	317	316
2440	jmp	4194320	0	0	316
2441	ret	4194336	0	316	315
2442	jmp	4194320	0	0	315
2443	ret	4194336	0	315	314
2444	jmp	4194320	0	0	314
2445	ret	4194336	0	314	313
2446	jmp	4194320	0	0	313
2447	ret	4194336	0	313	312
2448	jmp	4194320	0	0	312
2449	ret	4194336	0	312	311
2450	jmp	4194320	0	0	311
2451	ret	4194336	0	311	310
2452	jmp	4194320	0	0	310
2453	ret	4194336	0	310	309
2454	jmp	4194320	0	0	309
2455	ret	4194336	0	309	308
2456	jmp	4194320	0	0	308
2457	ret	4194336	0	308	307
2458	jmp	4194320	0	0	307
2459	ret	4194336	0	307	306
2460	jmp	4194320	0	0	306
2461	ret	4194336	0	306	305
2462	jmp	4194320	0	0	305
2463	ret	4194336	0	305	304
2464	jmp	4194320	0	0	304
2465	ret	4194336	0	304	303
2466	jmp	4194320	0	0	303
2467	ret	4194336	0	303	302
2468	jmp	4194320	0	0	302
2469	ret	4194336	0	302	301
2470	jmp	4194320	0	0	301
2471	ret	4194336	0	301	300
2472	jmp	4194320	0	0	300
2473	ret	4194336	0	300	299
2474	jmp	4194320	0	0	299
2475	ret	4194336	0	299	298
2476	jmp	4194320	0	0	298
2477	ret	4194336	0	298	297
2478	jmp	4194320	0	0	297
2479	ret	4194336	0	297	296
2480	jmp	4194320	0	0	296
2481	ret	4194336	0	296	295
2482	jmp	4194320	0	0	295
2483	ret	4194336	0	295	294
2484	jmp	4194320	0	0	294
2485	ret	4194336	0	294	293
2486	jmp	4194320	0	0	293
2487	ret	4194336	0	293	292
2488	jmp	4194320	0	0	292
2489	ret	4194336	0	292	291
2490	jmp	4194320	0	0	291
2491	ret	4194336	0	291	290
2492	jmp	4194320	0	0	290
2493	ret	4194336	0	290	289
2494	jmp	4194320	0	0	289
2495	ret	4194336	0	289	288
2496	jmp	4194320	0	0	288
2497	ret	4194336	0	288	287
2498	jmp	4194320	0	0	287
2499	ret	4194336	0	287	286
2500	jmp	4194320	0	0	286
2501	ret	4194336	0	286	285
2502	jmp	4194320	0	0	285
2503	ret	4194336	0	285	284
2504	jmp	4194320	0	0	284
2505	ret	4194336	0	284	283
2506	jmp	4194320	0	0	283
2507	ret	4194336	0	283	282
2508	jmp	4194320	0	0	282
2509	ret	4194336	0	282	281
2510	jmp	4194320	0	0	281
2511	ret	4194336	0	281	280
2512	jmp	4194320	0	0	280
2513	ret	4194336	0	280	279
2514	jmp	4194320	0	0	279
2515	ret	4194336	0	279	278
2516	jmp	4194320	0	0	278
2517	ret	4194336	0	278	277
2518	jmp	4194320	0	0	277
2519	ret	4194336	0	277	276
2520	jmp	4194320	0	0	276
2521	ret	4194336	0	276	275
2522	jmp	4194320	0	0	275
2523	ret	4194336	0	275	274
2524	jmp	4194320	0	0	274
2525	ret	4194336	0	274	273
2526	jmp	4194320	0	0	273
2527	ret	4194336	0	273	272
2528	jmp	4194320	0	0	272
2529	ret	4194336	0	272	271
2530	jmp	4194320	0	0	271
2531	ret	4194336	0	271	270
2532	jmp	4194320	0	0	270
2533	ret	4194336	0	270	269
2534	jmp	4194320	0	0	269
2535	ret	4194336	0	269	268
2536	jmp	4194320	0	0	268
2537	ret	4194336	0	268	267
2538	jmp	4194320	0	0	267
2539	ret	4194336	0	267	266
2540	jmp	4194320	0	0	266
2541	ret	4194336	0	266	265
2542	jmp	4194320	0	0	265
2543	ret	4194336	0	265	264
2544	jmp	4194320	0	0	264
2545	ret	4194336	0	264	263
2546	jmp	4194320	0	0	263
2547	ret	4194336	0	263	262
2548	jmp	4194320	0	0	262
2549	ret	4194336	0	262	261
2550	jmp	4194320	0	0	261
2551	ret	4194336	0	261	260
2552	jmp	4194320	0	0	260
2553	ret	4194336	0	260	259
2554	jmp	4194320	0	0	259
2555	ret	4194336	0	259	258
2556	jmp	4194320	0	0	258
2557	ret	4194336	0	258	257
2558	jmp	4194320	0	0	257
2559	ret	4194336	0	257	256
2560	jmp	4194320	0	0	256
2561	ret	4194336	0	256	255
2562	jmp	4194320	0	0	255
2563	ret	4194336	0	255	254
2564	jmp	4194320	0	0	254
2565	ret	4194336	0	254	253
2566	jmp	4194320	0	0	253
2567	ret	4194336	0	253	252
2568	jmp	4194320	0	0	252
2569	ret	4194336	0	252	251
2570	jmp	4194320	0	0	251
2571	ret	4194336	0	251	250
2572	jmp	4194320	0	0	250
2573	ret	4194336	0	250	249
2574	jmp	4194320	0	0	249
2575	ret	4194336	0	249	248
2576	jmp	4194320	0	0	248
2577	ret	4194336	0	248	247
2578	jmp	4194320	0	0	247
2579	ret	4194336	0	247	246
2580	jmp	4194320	0	0	246
2581	ret	4194336	0	246	245
2582	jmp	4194320	0	0	245
2583	ret	4194336	0	245	244
2584	jmp	4194320	0	0	244
2585	ret	4194336	0	244	243
2586	jmp	4194320	0	0	243
2587	ret	4194336	0	243	242
2588	jmp	4194320	0	0	242
2589	ret	4194336	0	242	241
2590	jmp	4194320	0	0	241
2591	ret	4194336	0	241	240
2592	jmp	4194320	0	0	240
2593	ret	4194336	0	240	239
2594	jmp	4194320	0	0	239
2595	ret	4194336	0	239	238
2596	jmp	4194320	0	0	238
2597	ret	4194336	0	238	237
2598	jmp	4194320	0	0	237
2599	ret	4194336	0	237	236
2600	jmp	4194320	0	0	236
2601	ret	4194336	0	236	235
2602	jmp	4194320	0	0	235
2603	ret	4194336	0	235	234
2604	jmp	4194320	0	0	234
2605	ret	4194336	0	234	233
2606	jmp	4194320	0	0	233
2607	ret	4194336	0	233	232
2608	jmp	4194320	0	0	232
2609	ret	4194336	0	232	231
2610	jmp	4194320	0	0	231
2611	ret	4194336	0	231	230
2612	jmp	4194320	0	0	230
2613	ret	4194336	0	230	229
2614	jmp	4194320	0	0	229
2615	ret	4194336	0	229	228
2616	jmp	4194320	0	0	228
2617	ret	4194336	0	228	227
2618	jmp	4194320	0	0	227
2619	ret	4194336	0	227	226
2620	jmp	4194320	0	0	226
2621	ret	4194336	0	226	225
2622	jmp	4194320	0	0	225
2623	ret	4194336	0	225	224
2624	jmp	4194320	0	0	224
2625	ret	4194336	0	224	223
2626	jmp	4194320	0	0	223
2627	ret	4194336	0	223	222
2628	jmp	4194320	0	0	222
2629	ret	4194336	0	222	221
2630	jmp	4194320	0	0	221
2631	ret	4194336	0	221	220
2632	jmp	4194320	0	0	220
2633	ret	4194336	0	220	219
2634	jmp	4194320	0	0	219
2635	ret	4194336	0	219	218
2636	jmp	4194320	0	0	218
2637	ret	4194336	0	218	217
2638	jmp	4194320	0	0	217
2639	ret	4194336	0	217	216
2640	jmp	4194320	0	0	216
2641	ret	4194336	0	216	215
2642	jmp	4194320	0	0	215
2643	ret	4194336	0	215	214
2644	jmp	4194320	0	0	214
2645	ret	4194336	0	214	213
2646	jmp	4194320	0	0	213
2647	ret	4194336	0	213	212
2648	jmp	4194320	0	0	212
2649	ret	4194336	0	212	211
2650	jmp	4194320	0	0	211
2651	ret	4194336	0	211	210
2652	jmp	4194320	0	0	210
2653	ret	4194336	0	210	209
2654	jmp	4194320	0	0	209
2655	ret	4194336	0	209	208
2656	jmp	4194320	0	0	208
2657	ret	4194336	0	208	207
2658	jmp	4194320	0	0	207
2659	ret	4194336	0	207	206
2660	jmp	4194320	0	0	206
2661	ret	4194336	0	206	205
2662	jmp	4194320	0	0	205
2663	ret	4194336	0	205	204
2664	jmp	4194320	0	0	204
2665	ret	4194336	0	204	203
2666	jmp	4194320	0	0	203
2667	ret	4194336	0	203	202
2668	jmp	4194320	0	0	202
2669	ret	4194336	0	202	201
2670	jmp	4194320	0	0	201
2671	ret	4194336	0	201	200
2672	jmp	4194320	0	0	200
2673	ret	4194336	0	200	199
2674	jmp	4194320	0	0	199
2675	ret	4194336	0	199	198
2676	jmp	4194320	0	0	198
2677	ret	4194336	0	198	197
2678	jmp	4194320	0	0	197
2679	ret	4194336	0	197	196
2680	jmp	4194320	0	0	196
2681	ret	4194336	0	196	195
2682	jmp	4194320	0	0	195
2683	ret	4194336	0	195	194
2684	jmp	4194320	0	0	194
2685	ret	4194336	0	194	193
2686	jmp	4194320	0	0	193
2687	ret	4194336	0	193	192
2688	jmp	4194320	0	0	192
2689	ret	4194336	0	192	191
2690	jmp	4194320	0	0	191
2691	ret	4194336	0	191	190
2692	jmp	4194320	0	0	190
2693	ret	4194336	0	190	189
2694	jmp	4194320	0	0	189
2695	ret	4194336	0	189	188
2696	jmp	4194320	0	0	188
2697	ret	4194336	0	188	187
2698	jmp	4194320	0	0	187
2699	ret	4194336	0	187	186
2700	jmp	4194320	0	0	186
2701	ret	4194336	0	186	185
2702	jmp	4194320	0	0	185
2703	ret	4194336	0	185	184
2704	jmp	4194320	0	0	184
2705	ret	4194336	0	184	183
2706	jmp	4194320	0	0	183
2707	ret	4194336	0	183	182
2708	jmp	4194320	0	0	182
2709	ret	4194336	0	182	181
2710	jmp	4194320	0	0	181
2711	ret	4194336	0	181	180
2712	jmp	4194320	0	0	180
2713	ret	4194336	0	180	179
2714	jmp	4194320	0	0	179
2715	ret	4194336	0	179	178
2716	jmp	4194320	0	0	178
2717	ret	4194336	0	178	177
2718	jmp	4194320	0	0	177
2719	ret	4194336	0	177	176
2720	jmp	4194320	0	0	176
2721	ret	4194336	0	176	175
2722	jmp	4194320	0	0	175
2723	ret	4194336	0	175	174
2724	jmp	4194320	0	0	174
2725	ret	4194336	0	174	173
2726	jmp	4194320	0	0	173
2727	ret	4194336	0	173	172
2728	jmp	4194320	0	0	172
2729	ret	4194336	0	172	171
2730	jmp	4194320	0	0	171
2731	ret	4194336	0	171	170
2732	jmp	4194320	0	0	170
2733	ret	4194336	0	170	169
2734	jmp	4194320	0	0	169
2735	ret	4194336	0	169	168
2736	jmp	4194320	0	0	168
2737	ret	4194336	0	168	167
2738	jmp	4194320	0	0	167
2739	ret	4194336	0	167	166
2740	jmp	4194320	0	0	166
2741	ret	4194336	0	166	165
2742	jmp	4194320	0	0	165
2743	ret	4194336	0	165	164
2744	jmp	4194320	0	0	164
2745	ret	4194336	0	164	163
2746	jmp	4194320	0	0	163
2747	ret	4194336	0	163	162
2748	jmp	4194320	0	0	162
2749	ret	4194336	0	162	161
2750	jmp	4194320	0	0	161
2751	ret	4194336	0	161	160
2752	jmp	4194320	0	0	160
2753	ret	4194336	0	160	159
2754	jmp	4194320	0	0	159
2755	ret	4194336	0	159	158
2756	jmp	4194320	0	0	158
2757	ret	4194336	0	158	157
2758	jmp	4194320	0	0	157
2759	ret	4194336	0	157	156
2760	jmp	4194320	0	0	156
2761	ret	4194336	0	156	155
2762	jmp	4194320	0	0	155
2763	ret	4194336	0	155	154
2764	jmp	4194320	0	0	154
2765	ret	4194336	0	154	153
2766	jmp	4194320	0	0	153
2767	ret	4194336	0	153	152
2768	jmp	4194320	0	0	152
2769	ret	4194336	0	152	151
2770	jmp	4194320	0	0	151
2771	ret	4194336	0	151	150
2772	jmp	4194320	0	0	150
2773	ret	4194336	0	150	149
2774	jmp	4194320	0	0	149
2775	ret	4194336	0	149	148
2776	jmp	4194320	0	0	148
2777	ret	4194336	0	148	147
2778	jmp	4194320	0	0	147
2779	ret	4194336	0	147	146
2780	jmp	4194320	0	0	146
2781	ret	4194336	0	146	145
2782	jmp	4194320	0	0	145
2783	ret	4194336	0	145	144
2784	jmp	4194320	0	0	144
2785	ret	4194336	0	144	143
2786	jmp	4194320	0	0	143
2787	ret	4194336	0	143	142
2788	jmp	4194320	0	0	142
2789	ret	4194336	0	142	141
2790	jmp	4194320	0	0	141
2791	ret	4194336	0	141	140
2792	jmp	4194320	0	0	140
2793	ret	4194336	0	140	139
2794	jmp	4194320	0	0	139
2795	ret	4194336	0	139	138
2796	jmp	4194320	0	0	138
2797	ret	4194336	0	138	137
2798	jmp	4194320	0	0	137
2799	ret	4194336	0	137	136
2800	jmp	4194320	0	0	136
2801	ret	4194336	0	136	135
2802	jmp	4194320	0	0	135
2803	ret	4194336	0	135	134
2804	jmp	4194320	0	0	134
2805	ret	4194336	0	134	133
2806	jmp	4194320	0	0	133
2807	ret	4194336	0	133	132
2808	jmp	4194320	0	0	132
2809	ret	4194336	0	132	131
2810	jmp	4194320	0	0	131
2811	ret	4194336	0	131	130
2812	jmp	4194320	0	0	130
2813	ret	4194336	0	130	129
2814	jmp	4194320	0	0	129
2815	ret	4194336	0	129	128
2816	jmp	4194320	0	0	128
2817	ret	4194336	0	128	127
2818	jmp	4194320	0	0	127
2819	ret	4194336	0	127	126
2820	jmp	4194320	0	0	126
2821	ret	4194336	0	126	125
2822	jmp	4194320	0	0	125
2823	ret	4194336	0	125	124
2824	jmp	4194320	0	0	124
2825	ret	4194336	0	124	123
2826	jmp	4194320	0	0	123
2827	ret	4194336	0	123	122
2828	jmp	4194320	0	0	122
2829	ret	4194336	0	122	121
2830	jmp	4194320	0	0	121
2831	ret	4194336	0	121	120
2832	jmp	4194320	0	0	120
2833	ret	4194336	0	120	119
2834	jmp	4194320	0	0	119
2835	ret	4194336	0	119	118
2836	jmp	4194320	0	0	118
2837	ret	4194336	0	118	117
2838	jmp	4194320	0	0	117
2839	ret	4194336	0	117	116
2840	jmp	4194320	0	0	116
2841	ret	4194336	0	116	115
2842	jmp	4194320	0	0	115
2843	ret	4194336	0	115	114
2844	jmp	4194320	0	0	114
2845	ret	4194336	0	114	113
2846	jmp	4194320	0	0	113
2847	ret	4194336	0	113	112
2848	jmp	4194320	0	0	112
2849	ret	4194336	0	112	111
2850	jmp	4194320	0	0	111
2851	ret	4194336	0	111	110
2852	jmp	4194320	0	0	110
2853	ret	4194336	0	110	109
2854	jmp	4194320	0	0	109
2855	ret	4194336	0	109	108
2856	jmp	4194320	0	0	108
2857	ret	4194336	0	108	107
2858	jmp	4194320	0	0	107
2859	ret	4194336	0	107	106
2860	jmp	4194320	0	0	106
2861	ret	4194336	0	106	105
2862	jmp	4194320	0	0	105
2863	ret	4194336	0	105	104
2864	jmp	4194320	0	0	104
2865	ret	4194336	0	104	103
2866	jmp	4194320	0	0	103
2867	ret	4194336	0	103	102
2868	jmp	4194320	0	0	102
2869	ret	4194336	0	102	101
2870	jmp	4194320	0	0	101
2871	ret	4194336	0	101	100
2872	jmp	4194320	0	0	100
2873	ret	4194336	0	100	99
2874	jmp	4194320	0	0	99
2875	ret	4194336	0	99	98
2876	jmp	4194320	0	0	98
2877	ret	4194336	0	98	97
2878	jmp	4194320	0	0	97
2879	ret	4194336	0	97	96
2880	jmp	4194320	0	0	96
2881	ret	4194336	0	96	95
2882	jmp	4194320	0	0	95
2883	ret	4194336	0	95	94
2884	jmp	4194320	0	0	94
2885	ret	4194336	0	94	93
2886	jmp	4194320	0	0	93
2887	ret	4194336	0	93	92
2888	jmp	4194320	0	0	92
2889	ret	4194336	0	92	91
2890	jmp	4194320	0	0	91
2891	ret	4194336	0	91	90
2892	jmp	4194320	0	0	90
2893	ret	4194336	0	90	89
2894	jmp	4194320	0	0	89
2895	ret	4194336	0	89	88
2896	jmp	4194320	0	0	88
2897	ret	4194336	0	88	87
2898	jmp	4194320	0	0	87
2899	ret	4194336	0	87	86
2900	jmp	4194320	0	0	86
2901	ret	4194336	0	86	85
2902	jmp	4194320	0	0	85
2903	ret	4194336	0	85	84
2904	jmp	4194320	0	0	84
2905	ret	4194336	0	84	83
2906	jmp	4194320	0	0	83
2907	ret	4194336	0	83	82
2908	jmp	4194320	0	0	82
2909	ret	4194336	0	82	81
2910	jmp	4194320	0	0	81
2911	ret	4194336	0	81	80
2912	jmp	4194320	0	0	80
2913	ret	4194336	0	80	79
2914	jmp	4194320	0	0	79
2915	ret	4194336	0	79	78
2916	jmp	4194320	0	0	78
2917	ret	4194336	0	78	77
2918	jmp	4194320	0	0	77
2919	ret	4194336	0	77	76
2920	jmp	4194320	0	0	76
2921	ret	4194336	0	76	75
2922	jmp	4194320	0	0	75
2923	ret	4194336	0	75	74
2924	jmp	4194320	0	0	74
2925	ret	4194336	0	74	73
2926	jmp	4194320	0	0	73
2927	ret	4194336	0	73	72
2928	jmp	4194320	0	0	72
2929	ret	4194336	0	72	71
2930	jmp	4194320	0	0	71
2931	ret	4194336	0	71	70
2932	jmp	4194320	0	0	70
2933	ret	4194336	0	70	69
2934	jmp	4194320	0	0	69
2935	ret	4194336	0	69	68
2936	jmp	4194320	0	0	68
2937	ret	4194336	0	68	67
2938	jmp	4194320	0	0	67
2939	ret	4194336	0	67	66
2940	jmp	4194320	0	0	66
2941	ret	4194336	0	66	65
2942	jmp	4194320	0	0	65
2943	ret	4194336	0	65	64
2944	jmp	4194320	0	0	64
2945	ret	4194336	0	64	63
2946	jmp	4194320	0	0	63
2947	ret	4194336	0	63	62
2948	jmp	4194320	0	0	62
2949	ret	4194336	0	62	61
2950	jmp	4194320	0	0	61
2951	ret	4194336	0	61	60
2952	jmp	4194320	0	0	60
2953	ret	4194336	0	60	59
2954	jmp	4194320	0	0	59
2955	ret	4194336	0	59	58
2956	jmp	4194320	0	0	58
2957	ret	4194336	0	58	57
2958	jmp	4194320	0	0	57
2959	ret	4194336	0	57	56
2960	jmp	4194320	0	0	56
2961	ret	4194336	0	56	55
2962	jmp	4194320	0	0	55
2963	ret	4194336	0	55	54
2964	jmp	4194320	0	0	54
2965	ret	4194336	0	54	53
2966	jmp	4194320	0	0	53
2967	ret	4194336	0	53	52
2968	jmp	4194320	0	0	52
2969	ret	4194336	0	52	51
2970	jmp	4194320	0	0	51
2971	ret	4194336	0	51	50
2972	jmp	4194320	0	0	50
2973	ret	4194336	0	50	49
2974	jmp	4194320	0	0	49
2975	ret	4194336	0	49	48
2976	jmp	4194320	0	0	48
2977	ret	4194336	0	48	47
2978	jmp	4194320	0	0	47
2979	ret	4194336	0	47	46
2980	jmp	4194320	0	0	46
2981	ret	4194336	0	46	45
2982	jmp	4194320	0	0	45
2983	ret	4194336	0	45	44
2984	jmp	4194320	0	0	44
2985	ret	4194336	0	44	43
2986	jmp	4194320	0	0	43
2987	ret	4194336	0	43	42
2988	jmp	4194320	0	0	42
2989	ret	4194336	0	42	41
2990	jmp	4194320	0	0	41
2991	ret	4194336	0	41	40
2992	jmp	4194320	0	0	40
2993	ret	4194336	0	40	39
2994	jmp	4194320	0	0	39
2995	ret	4194336	0	39	38
2996	jmp	4194320	0	0	38
2997	ret	4194336	0	38	37
2998	jmp	4194320	0	0	37
2999	ret	4194336	0	37	36
3000	jmp	4194320	0	0	36
3001	ret	4194336	0	36	35
3002	jmp	4194320	0	0	35
3003	ret	4194336	0	35	34
3004	jmp	4194320	0	0	34
3005	ret	4194336	0	34	33
3006	jmp	4194320	0	0	33
3007	ret	4194336	0	33	32
3008	jmp	4194320	0	0	32
3009	ret	4194336	0	32	31
3010	jmp	4194320	0	0	31
3011	ret	4194336	0	31	30
3012	jmp	4194320	0	0	30
3013	ret	4194336	0	30	29
3014	jmp	4194320	0	0	29
3015	ret	4194336	0	29	28
3016	jmp	4194320	0	0	28
3017	ret	4194336	0	28	27
3018	jmp	4194320	0	0	27
3019	ret	4194336	0	27	26
3020	jmp	4194320	0	0	26
3021	ret	4194336	0	26	25
3022	jmp	4194320	0	0	25
3023	ret	4194336	0	25	24
3024	jmp	4194320	0	0	24
3025	ret	4194336	0	24	23
3026	jmp	4194320	0	0	23
3027	ret	4194336	0	23	22
3028	jmp	4194320	0	0	22
3029	ret	4194336	0	22	21
3030	jmp	4194320	0	0	21
3031	ret	4194336	0	21	20
3032	jmp	4194320	0	0	20
3033	ret	4194336	0	20	19
3034	jmp	4194320	0	0	19
3035	ret	4194336	0	19	18
3036	jmp	4194320	0	0	18
3037	ret	4194336	0	18	17
3038	jmp	4194320	0	0	17
3039	ret	4194336	0	17	16
3040	jmp	4194320	0	0	16
3041	ret	4194336	0	16	15
3042	jmp	4194320	0	0	15
3043	ret	4194336	0	15	14
3044	jmp	4194320	0	0	14
3045	ret	4194336	0	14	13
3046	jmp	4194320	0	0	13
3047	ret	4194336	0	13	12
3048	jmp	4194320	0	0	12
3049	ret	4194336	0	12	11
3050	jmp	4194320	0	0	11
3051	ret	4194336	0	11	10
3052	jmp	4194320	0	0	10
3053	ret	4194336	0	10	9
3054	jmp	4194320	0	0	9
3055	ret	4194336	0	9	8
3056	jmp	4194320	0	0	8
3057	ret	4194336	0	8	7
3058	jmp	4194320	0	0	7
3059	ret	4194336	0	7	6
3060	jmp	4194320	0	0	6
3061	ret	4194336	0	6	5
3062	jmp	4194320	0	0	5
3063	ret	4194336	0	5	4
3064	jmp	4194320	0	0	4
3065	ret	4194336	0	4	3
3066	jmp	4194320	0	0	3
3067	ret	4194336	0	3	2
3068	jmp	4194320	0	0	2
3069	ret	4194336	0	2	1
3070	jmp	4194320	0	0	1
3071	ret	4194336	0	1	0
3072	jmp	4194320	0	0	0
3073	jmp	4194352	0	0	0
3074	jmp	4194320	0	0	0
3075	jmp	4194352	0	0	0
3076	jmp	4194320	0	0	0
3077	jmp	4194352	0	0	0
3078	jmp	4194320	0	0	0
3079	jmp	4194352	0	0	0
3080	jmp	4194320	0	0	0
3081	jmp	4194352	0	0	0
3082	jmp	4194320	0	0	0
3083	jmp	4194352	0	0	0
3084	jmp	4194320	0	0	0
3085	jmp	4194352	0	0	0
3086	jmp	4194320	0	0	0
3087	jmp	4194352	0	0	0
3088	jmp	4194320	0	0	0
3089	jmp	4194352	0	0	0
3090	jmp	4194320	0	0	0
3091	jmp	4194352	0	0	0
3092	jmp	4194320	0	0	0
3093	jmp	4194352	0	0	0
3094	jmp	4194320	0	0	0
3095	jmp	4194352	0	0	0
3096	jmp	4194320	0	0	0
3097	jmp	4194352	0	0	0
3098	jmp	4194320	0	0	0
3099	jmp	4194352	0	0	0
3100	jmp	4194320	0	0	0
3101	jmp	4194352	0	0	0
3102	jmp	4194320	0	0	0
3103	jmp	4194352	0	0	0
3104	jmp	4194320	0	0	0
3105	jmp	4194352	0	0	0
3106	jmp	4194320	0	0	0
3107	jmp	4194352	0	0	0
3108	jmp	4194320	0	0	0
3109	jmp	4194352	0	0	0
3110	jmp	4194320	0	0	0
3111	jmp	4194352	0	0	0
3112	jmp	4194320	0	0	0
3113	jmp	4194352	0	0	0
3114	jmp	4194320	0	0	0
3115	jmp	4194352	0	0	0
3116	jmp	4194320	0	0	0
3117	jmp	4194352	0	0	0
3118	jmp	4194320	0	0	0
3119	jmp	4194352	0	0	0
3120	jmp	4194320	0	0	0
3121	jmp	4194352	0	0	0
3122	jmp	4194320	0	0	0
3123	jmp	4194352	0	0	0
3124	jmp	4194320	0	0	0
3125	jmp	4194352	0	0	0
3126	jmp	4194320	0	0	0
3127	jmp	4194352	0	0	0
3128	jmp	4194320	0	0	0
3129	jmp	4194352	0	0	0
3130	jmp	4194320	0	0	0
3131	jmp	4194352	0	0	0
3132	jmp	4194320	0	0	0
3133	jmp	4194352	0	0	0
3134	jmp	4194320	0	0	0
3135	jmp	4194352	0	0	0
3136	jmp	4194320	0	0	0
3137	jmp	4194352	0	0	0
3138	jmp	4194320	0	0	0
3139	jmp	4194352	0	0	0
3140	jmp	4194320	0	0	0
3141	jmp	4194352	0	0	0
3142	jmp	4194320	0	0	0
3143	jmp	4194352	0	0	0
3144	jmp	4194320	0	0	0
3145	jmp	4194352	0	0	0
3146	jmp	4194320	0	0	0
3147	jmp	4194352	0	0	0
3148	jmp	4194320	0	0	0
3149	jmp	4194352	0	0	0
3150	jmp	4194320	0	0	0
3151	jmp	4194352	0	0	0
3152	jmp	4194320	0	0	0
3153	jmp	4194352	0	0	0
3154	jmp	4194320	0	0	0
3155	jmp	4194352	0	0	0
3156	jmp	4194320	0	0	0
3157	jmp	4194352	0	0	0
3158	jmp	4194320	0	0	0
3159	jmp	4194352	0	0	0
3160	jmp	4194320	0	0	0
3161	jmp	4194352	0	0	0
3162	jmp	4194320	0	0	0
3163	jmp	4194352	0	0	0
3164	jmp	4194320	0	0	0
3165	jmp	4194352	0	0	0
3166	jmp	4194320	0	0	0
3167	jmp	4194352	0	0	0
3168	jmp	4194320	0	0	0
3169	jmp	4194352	0	0	0
3170	jmp	4194320	0	0	0
3171	jmp	4194352	0	0	0
3172	jmp	4194320	0	0	0
3173	jmp	4194352	0	0	0
3174	jmp	4194320	0	0	0
3175	jmp	4194352	0	0	0
3176	jmp	4194320	0	0	0
3177	jmp	4194352	0	0	0
3178	jmp	4194320	0	0	0
3179	jmp	4194352	0	0	0
3180	jmp	4194320	0	0	0
3181	jmp	4194352	0	0	0
3182	jmp	4194320	0	0	0
3183	jmp	4194352	0	0	0
3184	jmp	4194320	0	0	0
3185	jmp	4194352	0	0	0
3186	jmp	4194320	0	0	0
3187	jmp	4194352	0	0	0
3188	jmp	4194320	0	0	0
3189	jmp	4194352	0	0	0
3190	jmp	4194320	0	0	0
3191	jmp	4194352	0	0	0
3192	jmp	4194320	0	0	0
3193	jmp	4194352	0	0	0
3194	jmp	4194320	0	0	0
3195	jmp	4194352	0	0	0
3196	jmp	4194320	0	0	0
3197	jmp	4194352	0	0	0
3198	jmp	4194320	0	0	0
3199	jmp	4194352	0	0	0
3200	jmp	4194320	0	0	0
3201	jmp	4194352	0	0	0
3202	jmp	4194320	0	0	0
3203	jmp	4194352	0	0	0
3204	jmp	4194320	0	0	0
3205	jmp	4194352	0	0	0
3206	jmp	4194320	0	0	0
3207	jmp	4194352	0	0	0
3208	jmp	4194320	0	0	0
3209	jmp	4194352	0	0	0
3210	jmp	4194320	0	0	0
3211	jmp	4194352	0	0	0
3212	jmp	4194320	0	0	0
3213	jmp	4194352	0	0	0
3214	jmp	4194320	0	0	0
3215	jmp	4194352	0	0	0
3216	jmp	4194320	0	0	0
3217	jmp	4194352	0	0	0
3218	jmp	4194320	0	0	0
3219	jmp	4194352	0	0	0
3220	jmp	4194320	0	0	0
3221	jmp	4194352	0	0	0
3222	jmp	4194320	0	0	0
3223	jmp	4194352	0	0	0
3224	jmp	4194320	0	0	0
3225	jmp	4194352	0	0	0
3226	jmp	4194320	0	0	0
3227	jmp	4194352	0	0	0
3228	jmp	4194320	0	0	0
3229	jmp	4194352	0	0	0
3230	jmp	4194320	0	0	0
3231	jmp	4194352	0	0	0
3232	jmp	4194320	0	0	0
3233	jmp	4194352	0	0	0
3234	jmp	4194320	0	0	0
3235	jmp	4194352	0	0	0
3236	jmp	4194320	0	0	0
3237	jmp	4194352	0	0	0
3238	jmp	4194320	0	0	0
3239	jmp	4194352	0	0	0
3240	jmp	4194320	0	0	0
3241	jmp	4194352	0	0	0
3242	jmp	4194320	0	0	0
3243	jmp	4194352	0	0	0
3244	jmp	4194320	0	0	0
3245	jmp	4194352	0	0	0
3246	jmp	4194320	0	0	0
3247	jmp	4194352	0	0	0
3248	jmp	4194320	0	0	0
3249	jmp	4194352	0	0	0
3250	jmp	4194320	0	0	0
3251	jmp	4194352	0	0	0
3252	jmp	4194320	0	0	0
3253	jmp	4194352	0	0	0
3254	jmp	4194320	0	0	0
3255	jmp	4194352	0	0	0
3256	jmp	4194320	0	0	0
3257	jmp	4194352	0	0	0
3258	jmp	4194320	0	0	0
3259	jmp	4194352	0	0	0
3260	jmp	4194320	0	0	0
3261	jmp	4194352	0	0	0
3262	jmp	4194320	0	0	0
3263	jmp	4194352	0	0	0
3264	jmp	4194320	0	0	0
3265	jmp	4194352	0	0	0
3266	jmp	4194320	0	0	0
3267	jmp	4194352	0	0	0
3268	jmp	4194320	0	0	0
3269	jmp	4194352	0	0	0
3270	jmp	4194320	0	0	0
3271	jmp	4194352	0	0	0
3272	jmp	4194320	0	0	0
3273	jmp	4194352	0	0	0
3274	jmp	4194320	0	0	0
3275	jmp	4194352	0	0	0
3276	jmp	4194320	0	0	0
3277	jmp	4194352	0	0	0
3278	jmp	4194320	0	0	0
3279	jmp	4194352	0	0	0
3280	jmp	4194320	0	0	0
3281	jmp	4194352	0	0	0
3282	jmp	4194320	0	0	0
3283	jmp	4194352	0	0	0
3284	jmp	4194320	0	0	0
3285	jmp	4194352	0	0	0
3286	jmp	4194320	0	0	0
3287	jmp	4194352	0	0	0
3288	jmp	4194320	0	0	0
3289	jmp	4194352	0	0	0
3290	jmp	4194320	0	0	0
3291	jmp	4194352	0	0	0
3292	jmp	4194320	0	0	0
3293	jmp	4194352	0	0	0
3294	jmp	4194320	0	0	0
3295	jmp	4194352	0	0	0
3296	jmp	4194320	0	0	0
3297	jmp	4194352	0	0	0
3298	jmp	4194320	0	0	0
3299	jmp	4194352	0	0	0
3300	jmp	4194320	0	0	0
3301	jmp	4194352	0	0	0
3302	jmp	4194320	0	0	0
3303	jmp	4194352	0	0	0
3304	jmp	4194320	0	0	0
3305	jmp	4194352	0	0	0
3306	jmp	4194320	0	0	0
3307	jmp	4194352	0	0	0
3308	jmp	4194320	0	0	0
3309	jmp	4194352	0	0	0
3310	jmp	4194320	0	0	0
3311	jmp	4194352	0	0	0
3312	jmp	4194320	0	0	0
3313	jmp	4194352	0	0	0
3314	jmp	4194320	0	0	0
3315	jmp	4194352	0	0	0
3316	jmp	4194320	0	0	0
3317	jmp	4194352	0	0	0
3318	jmp	4194320	0	0	0
3319	jmp	4194352	0	0	0
3320	jmp	4194320	0	0	0
3321	jmp	4194352	0	0	0
3322	jmp	4194320	0	0	0
3323	jmp	4194352	0	0	0
3324	jmp	4194320	0	0	0
3325	jmp	4194352	0	0	0
3326	jmp	4194320	0	0	0
3327	jmp	4194352	0	0	0
3328	jmp	4194320	0	0	0
3329	jmp	4194352	0	0	0
3330	jmp	4194320	0	0	0
3331	jmp	4194352	0	0	0
3332	jmp	4194320	0	0	0
3333	jmp	4194352	0	0	0
3334	jmp	4194320	0	0	0
3335	jmp	4194352	0	0	0
3336	jmp	4194320	0	0	0
3337	jmp	4194352	0	0	0
3338	jmp	4194320	0	0	0
3339	jmp	4194352	0	0	0
3340	jmp	4194320	0	0	0
3341	jmp	4194352	0	0	0
3342	jmp	4194320	0	0	0
3343	jmp	4194352	0	0	0
3344	jmp	4194320	0	0	0
3345	jmp	4194352	0	0	0
3346	jmp	4194320	0	0	0
3347	jmp	4194352	0	0	0
3348	jmp	4194320	0	0	0
3349	jmp	4194352	0	0	0
3350	jmp	4194320	0	0	0
3351	jmp	4194352	0	0	0
3352	jmp	4194320	0	0	0
3353	jmp	4194352	0	0	0
3354	jmp	4194320	0	0	0
3355	jmp	4194352	0	0	0
3356	jmp	4194320	0	0	0
3357	jmp	4194352	0	0	0
3358	jmp	4194320	0	0	0
3359	jmp	4194352	0	0	0
3360	jmp	4194320	0	0	0
3361	jmp	4194352	0	0	0
3362	jmp	4194320	0	0	0
3363	jmp	4194352	0	0	0
3364	jmp	4194320	0	0	0
3365	jmp	4194352	0	0	0
3366	jmp	4194320	0	0	0
3367	jmp	4194352	0	0	0
3368	jmp	4194320	0	0	0
3369	jmp	4194352	0	0	0
3370	jmp	4194320	0	0	0
3371	jmp	4194352	0	0	0
3372	jmp	4194320	0	0	0
3373	jmp	4194352	0	0	0
3374	jmp	4194320	0	0	0
3375	jmp	4194352	0	0	0
3376	jmp	4194320	0	0	0
3377	jmp	4194352	0	0	0
3378	jmp	4194320	0	0	0
3379	jmp	4194352	0	0	0
3380	jmp	4194320	0	0	0
3381	jmp	4194352	0	0	0
3382	jmp	4194320	0	0	0
3383	jmp	4194352	0	0	0
3384	jmp	4194320	0	0	0
3385	jmp	4194352	0	0	0
3386	jmp	4194320	0	0	0
3387	jmp	4194352	0	0	0
3388	jmp	4194320	0	0	0
3389	jmp	4194352	0	0	0
3390	jmp	4194320	0	0	0
3391	jmp	4194352	0	0	0
3392	jmp	4194320	0	0	0
3393	jmp	4194352	0	0	0
3394	jmp	4194320	0	0	0
3395	jmp	4194352	0	0	0
3396	jmp	4194320	0	0	0
3397	jmp	4194352	0	0	0
3398	jmp	4194320	0	0	0
3399	jmp	4194352	0	0	0
3400	jmp	4194320	0	0	0
3401	jmp	4194352	0	0	0
3402	jmp	4194320	0	0	0
3403	jmp	4194352	0	0	0
3404	jmp	4194320	0	0	0
3405	jmp	4194352	0	0	0
3406	jmp	4194320	0	0	0
3407	jmp	4194352	0	0	0
3408	jmp	4194320	0	0	0
3409	jmp	4194352	0	0	0
3410	jmp	4194320	0	0	0
3411	jmp	4194352	0	0	0
3412	jmp	4194320	0	0	0
3413	jmp	4194352	0	0	0
3414	jmp	4194320	0	0	0
3415	jmp	4194352	0	0	0
3416	jmp	4194320	0	0	0
3417	jmp	4194352	0	0	0
3418	jmp	4194320	0	0	0
3419	jmp	4194352	0	0	0
3420	jmp	4194320	0	0	0
3421	jmp	4194352	0	0	0
3422	jmp	4194320	0	0	0
3423	jmp	4194352	0	0	0
3424	jmp	4194320	0	0	0
3425	jmp	4194352	0	0	0
3426	jmp	4194320	0	0	0
3427	jmp	4194352	0	0	0
3428	jmp	4194320	0	0	0
3429	jmp	4194352	0	0	0
3430	jmp	4194320	0	0	0
3431	jmp	4194352	0	0	0
3432	jmp	4194320	0	0	0
3433	jmp	4194352	0	0	0
3434	jmp	4194320	0	0	0
3435	jmp	4194352	0	0	0
3436	jmp	4194320	0	0	0
3437	jmp	4194352	0	0	0
3438	jmp	4194320	0	0	0
3439	jmp	4194352	0	0	0
3440	jmp	4194320	0	0	0
3441	jmp	4194352	0	0	0
3442	jmp	4194320	0	0	0
3443	jmp	4194352	0	0	0
3444	jmp	4194320	0	0	0
3445	jmp	4194352	0	0	0
3446	jmp	4194320	0	0	0
3447	jmp	4194352	0	0	0
3448	jmp	4194320	0	0	0
3449	jmp	4194352	0	0	0
3450	jmp	4194320	0	0	0
3451	jmp	4194352	0	0	0
3452	jmp	4194320	0	0	0
3453	jmp	4194352	0	0	0
3454	jmp	4194320	0	0	0
3455	jmp	4194352	0	0	0
3456	jmp	4194320	0	0	0
3457	jmp	4194352	0	0	0
3458	jmp	4194320	0	0	0
3459	jmp	4194352	0	0	0
3460	jmp	4194320	0	0	0
3461	jmp	4194352	0	0	0
3462	jmp	4194320	0	0	0
3463	jmp	4194352	0	0	0
3464	jmp	4194320	0	0	0
3465	jmp	4194352	0	0	0
3466	jmp	4194320	0	0	0
3467	jmp	4194352	0	0	0
3468	jmp	4194320	0	0	0
3469	jmp	4194352	0	0	0
3470	jmp	4194320	0	0	0
3471	jmp	4194352	0	0	0
3472	jmp	4194320	0	0	0
3473	jmp	4194352	0	0	0
3474	jmp	4194320	0	0	0
3475	jmp	4194352	0	0	0
3476	jmp	4194320	0	0	0
3477	jmp	4194352	0	0	0
3478	jmp	4194320	0	0	0
3479	jmp	4194352	0	0	0
3480	jmp	4194320	0	0	0
3481	jmp	4194352	0	0	0
3482	jmp	4194320	0	0	0
3483	jmp	4194352	0	0	0
3484	jmp	4194320	0	0	0
3485	jmp	4194352	0	0	0
3486	jmp	4194320	0	0	0
3487	jmp	4194352	0	0	0
3488	jmp	4194320	0	0	0
3489	jmp	4194352	0	0	0
3490	jmp	4194320	0	0	0
3491	jmp	4194352	0	0	0
3492	jmp	4194320	0	0	0
3493	jmp	4194352	0	0	0
3494	jmp	4194320	0	0	0
3495	jmp	4194352	0	0	0
3496	jmp	4194320	0	0	0
3497	jmp	4194352	0	0	0
3498	jmp	4194320	0	0	0
3499	jmp	4194352	0	0	0
3500	jmp	4194320	0	0	0
3501	jmp	4194352	0	0	0
3502	jmp	4194320	0	0	0
3503	jmp	4194352	0	0	0
3504	jmp	4194320	0	0	0
3505	jmp	4194352	0	0	0
3506	jmp	4194320	0	0	0
3507	jmp	4194352	0	0	0
3508	jmp	4194320	0	0	0
3509	jmp	4194352	0	0	0
3510	jmp	4194320	0	0	0
3511	jmp	4194352	0	0	0
3512	jmp	4194320	0	0	0
3513	jmp	4194352	0	0	0
3514	jmp	4194320	0	0	0
3515	jmp	4194352	0	0	0
3516	jmp	4194320	0	0	0
3517	jmp	4194352	0	0	0
3518	jmp	4194320	0	0	0
3519	jmp	4194352	0	0	0
3520	jmp	4194320	0	0	0
3521	jmp	4194352	0	0	0
3522	jmp	4194320	0	0	0
3523	jmp	4194352	0	0	0
3524	jmp	4194320	0	0	0
3525	jmp	4194352	0	0	0
3526	jmp	4194320	0	0	0
3527	jmp	4194352	0	0	0
3528	jmp	4194320	0	0	0
3529	jmp	4194352	0	0	0
3530	jmp	4194320	0	0	0
3531	jmp	4194352	0	0	0
3532	jmp	4194320	0	0	0
3533	jmp	4194352	0	0	0
3534	jmp	4194320	0	0	0
3535	jmp	4194352	0	0	0
3536	jmp	4194320	0	0	0
3537	jmp	4194352	0	0	0
3538	jmp	4194320	0	0	0
3539	jmp	4194352	0	0	0
3540	jmp	4194320	0	0	0
3541	jmp	4194352	0	0	0
3542	jmp	4194320	0	0	0
3543	jmp	4194352	0	0	0
3544	jmp	4194320	0	0	0
3545	jmp	4194352	0	0	0
3546	jmp	4194320	0	0	0
3547	jmp	4194352	0	0	0
3548	jmp	4194320	0	0	0
3549	jmp	4194352	0	0	0
3550	jmp	4194320	0	0	0
3551	jmp	4194352	0	0	0
3552	jmp	4194320	0	0	0
3553	jmp	4194352	0	0	0
3554	jmp	4194320	0	0	0
3555	jmp	4194352	0	0	0
3556	jmp	4194320	0	0	0
3557	jmp	4194352	0	0	0
3558	jmp	4194320	0	0	0
3559	jmp	4194352	0	0	0
3560	jmp	4194320	0	0	0
3561	jmp	4194352	0	0	0
3562	jmp	4194320	0	0	0
3563	jmp	4194352	0	0	0
3564	jmp	4194320	0	0	0
3565	jmp	4194352	0	0	0
3566	jmp	4194320	0	0	0
3567	jmp	4194352	0	0	0
3568	jmp	4194320	0	0	0
3569	jmp	4194352	0	0	0
3570	jmp	4194320	0	0	0
3571	jmp	4194352	0	0	0
3572	jmp	4194320	0	0	0
3573	jmp	4194352	0	0	0
3574	jmp	4194320	0	0	0
3575	jmp	4194352	0	0	0
3576	jmp	4194320	0	0	0
3577	jmp	4194352	0	0	0
3578	jmp	4194320	0	0	0
3579	jmp	4194352	0	0	0
3580	jmp	4194320	0	0	0
3581	jmp	4194352	0	0	0
3582	jmp	4194320	0	0	0
3583	jmp	4194352	0	0	0
3584	jmp	4194320	0	0	0
3585	jmp	4194352	0	0	0
3586	jmp	4194320	0	0	0
3587	jmp	4194352	0	0	0
3588	jmp	4194320	0	0	0
3589	jmp	4194352	0	0	0
3590	jmp	4194320	0	0	0
3591	jmp	4194352	0	0	0
3592	jmp	4194320	0	0	0
3593	jmp	4194352	0	0	0
3594	jmp	4194320	0	0	0
3595	jmp	4194352	0	0	0
3596	jmp	4194320	0	0	0
3597	jmp	4194352	0	0	0
3598	jmp	4194320	0	0	0
3599	jmp	4194352	0	0	0
3600	jmp	4194320	0	0	0
3601	jmp	4194352	0	0	0
3602	jmp	4194320	0	0	0
3603	jmp	4194352	0	0	0
3604	jmp	4194320	0	0	0
3605	jmp	4194352	0	0	0
3606	jmp	4194320	0	0	0
3607	jmp	4194352	0	0	0
3608	jmp	4194320	0	0	0
3609	jmp	4194352	0	0	0
3610	jmp	4194320	0	0	0
3611	jmp	4194352	0	0	0
3612	jmp	4194320	0	0	0
3613	jmp	4194352	0	0	0
3614	jmp	4194320	0	0	0
3615	jmp	4194352	0	0	0
3616	jmp	4194320	0	0	0
3617	jmp	4194352	0	0	0
3618	jmp	4194320	0	0	0
3619	jmp	4194352	0	0	0
3620	jmp	4194320	0	0	0
3621	jmp	4194352	0	0	0
3622	jmp	4194320	0	0	0
3623	jmp	4194352	0	0	0
3624	jmp	4194320	0	0	0
3625	jmp	4194352	0	0	0
3626	jmp	4194320	0	0	0
3627	jmp	4194352	0	0	0
3628	jmp	4194320	0	0	0
3629	jmp	4194352	0	0	0
3630	jmp	4194320	0	0	0
3631	jmp	4194352	0	0	0
3632	jmp	4194320	0	0	0
3633	jmp	4194352	0	0	0
3634	jmp	4194320	0	0	0
3635	jmp	4194352	0	0	0
3636	jmp	4194320	0	0	0
3637	jmp	4194352	0	0	0
3638	jmp	4194320	0	0	0
3639	jmp	4194352	0	0	0
3640	jmp	4194320	0	0	0
3641	jmp	4194352	0	0	0
3642	jmp	4194320	0	0	0
3643	jmp	4194352	0	0	0
3644	jmp	4194320	0	0	0
3645	jmp	4194352	0	0	0
3646	jmp	4194320	0	0	0
3647	jmp	4194352	0	0	0
3648	jmp	4194320	0	0	0
3649	jmp	4194352	0	0	0
3650	jmp	4194320	0	0	0
3651	jmp	4194352	0	0	0
3652	jmp	4194320	0	0	0
3653	jmp	4194352	0	0	0
3654	jmp	4194320	0	0	0
3655	jmp	4194352	0	0	0
3656	jmp	4194320	0	0	0
3657	jmp	4194352	0	0	0
3658	jmp	4194320	0	0	0
3659	jmp	4194352	0	0	0
3660	jmp	4194320	0	0	0
3661	jmp	4194352	0	0	0
3662	jmp	4194320	0	0	0
3663	jmp	4194352	0	0	0
3664	jmp	4194320	0	0	0
3665	jmp	4194352	0	0	0
3666	jmp	4194320	0	0	0
3667	jmp	4194352	0	0	0
3668	jmp	4194320	0	0	0
3669	jmp	4194352	0	0	0
3670	jmp	4194320	0	0	0
3671	jmp	4194352	0	0	0
3672	jmp	4194320	0	0	0
3673	jmp	4194352	0	0	0
3674	jmp	4194320	0	0	0
3675	jmp	4194352	0	0	0
3676	jmp	4194320	0	0	0
3677	jmp	4194352	0	0	0
3678	jmp	4194320	0	0	0
3679	jmp	4194352	0	0	0
3680	jmp	4194320	0	0	0
3681	jmp	4194352	0	0	0
3682	jmp	4194320	0	0	0
3683	jmp	4194352	0	0	0
3684	jmp	4194320	0	0	0
3685	jmp	4194352	0	0	0
3686	jmp	4194320	0	0	0
3687	jmp	4194352	0	0	0
3688	jmp	4194320	0	0	0
3689	jmp	4194352	0	0	0
3690	jmp	4194320	0	0	0
3691	jmp	4194352	0	0	0
3692	jmp	4194320	0	0	0
3693	jmp	4194352	0	0	0
3694	jmp	4194320	0	0	0
3695	jmp	4194352	0	0	0
3696	jmp	4194320	0	0	0
3697	jmp	4194352	0	0	0
3698	jmp	4194320	0	0	0
3699	jmp	4194352	0	0	0
3700	jmp	4194320	0	0	0
3701	jmp	4194352	0	0	0
3702	jmp	4194320	0	0	0
3703	jmp	4194352	0	0	0
3704	jmp	4194320	0	0	0
3705	jmp	4194352	0	0	0
3706	jmp	4194320	0	0	0
3707	jmp	4194352	0	0	0
3708	jmp	4194320	0	0	0
3709	jmp	4194352	0	0	0
3710	jmp	4194320	0	0	0
3711	jmp	4194352	0	0	0
3712	jmp	4194320	0	0	0
3713	jmp	4194352	0	0	0
3714	jmp	4194320	0	0	0
3715	jmp	4194352	0	0	0
3716	jmp	4194320	0	0	0
3717	jmp	4194352	0	0	0
3718	jmp	4194320	0	0	0
3719	jmp	4194352	0	0	0
3720	jmp	4194320	0	0	0
3721	jmp	4194352	0	0	0
3722	jmp	4194320	0	0	0
3723	jmp	4194352	0	0	0
3724	jmp	4194320	0	0	0
3725	jmp	4194352	0	0	0
3726	jmp	4194320	0	0	0
3727	jmp	4194352	0	0	0
3728	jmp	4194320	0	0	0
3729	jmp	4194352	0	0	0
3730	jmp	4194320	0	0	0
3731	jmp	4194352	0	0	0
3732	jmp	4194320	0	0	0
3733	jmp	4194352	0	0	0
3734	jmp	4194320	0	0	0
3735	jmp	4194352	0	0	0
3736	jmp	4194320	0	0	0
3737	jmp	4194352	0	0	0
3738	jmp	4194320	0	0	0
3739	jmp	4194352	0	0	0
3740	jmp	4194320	0	0	0
3741	jmp	4194352	0	0	0
3742	jmp	4194320	0	0	0
3743	jmp	4194352	0	0	0
3744	jmp	4194320	0	0	0
3745	jmp	4194352	0	0	0
3746	jmp	4194320	0	0	0
3747	jmp	4194352	0	0	0
3748	jmp	4194320	0	0	0
3749	jmp	4194352	0	0	0
3750	jmp	4194320	0	0	0
3751	jmp	4194352	0	0	0
3752	jmp	4194320	0	0	0
3753	jmp	4194352	0	0	0
3754	jmp	4194320	0	0	0
3755	jmp	4194352	0	0	0
3756	jmp	4194320	0	0	0
3757	jmp	4194352	0	0	0
3758	jmp	4194320	0	0	0
3759	jmp	4194352	0	0	0
3760	jmp	4194320	0	0	0
3761	jmp	4194352	0	0	0
3762	jmp	4194320	0	0	0
3763	jmp	4194352	0	0	0
3764	jmp	4194320	0	0	0
3765	jmp	4194352	0	0	0
3766	jmp	4194320	0	0	0
3767	jmp	4194352	0	0	0
3768	jmp	4194320	0	0	0
3769	jmp	4194352	0	0	0
3770	jmp	4194320	0	0	0
3771	jmp	4194352	0	0	0
3772	jmp	4194320	0	0	0
3773	jmp	4194352	0	0	0
3774	jmp	4194320	0	0	0
3775	jmp	4194352	0	0	0
3776	jmp	4194320	0	0	0
3777	jmp	4194352	0	0	0
3778	jmp	4194320	0	0	0
3779	jmp	4194352	0	0	0
3780	jmp	4194320	0	0	0
3781	jmp	4194352	0	0	0
3782	jmp	4194320	0	0	0
3783	jmp	4194352	0	0	0
3784	jmp	4194320	0	0	0
3785	jmp	4194352	0	0	0
3786	jmp	4194320	0	0	0
3787	jmp	4194352	0	0	0
3788	jmp	4194320	0	0	0
3789	jmp	4194352	0	0	0
3790	jmp	4194320	0	0	0
3791	jmp	4194352	0	0	0
3792	jmp	4194320	0	0	0
3793	jmp	4194352	0	0	0
3794	jmp	4194320	0	0	0
3795	jmp	4194352	0	0	0
3796	jmp	4194320	0	0	0
3797	jmp	4194352	0	0	0
3798	jmp	4194320	0	0	0
3799	jmp	4194352	0	0	0
3800	jmp	4194320	0	0	0
3801	jmp	4194352	0	0	0
3802	jmp	4194320	0	0	0
3803	jmp	4194352	0	0	0
3804	jmp	4194320	0	0	0
3805	jmp	4194352	0	0	0
3806	jmp	4194320	0	0	0
3807	jmp	4194352	0	0	0
3808	jmp	4194320	0	0	0
3809	jmp	4194352	0	0	0
3810	jmp	4194320	0	0	0
3811	jmp	4194352	0	0	0
3812	jmp	4194320	0	0	0
3813	jmp	4194352	0	0	0
3814	jmp	4194320	0	0	0
3815	jmp	4194352	0	0	0
3816	jmp	4194320	0	0	0
3817	jmp	4194352	0	0	0
3818	jmp	4194320	0	0	0
3819	jmp	4194352	0	0	0
3820	jmp	4194320	0	0	0
3821	jmp	4194352	0	0	0
3822	jmp	4194320	0	0	0
3823	jmp	4194352	0	0	0
3824	jmp	4194320	0	0	0
3825	jmp	4194352	0	0	0
3826	jmp	4194320	0	0	0
3827	jmp	4194352	0	0	0
3828	jmp	4194320	0	0	0
3829	jmp	4194352	0	0	0
3830	jmp	4194320	0	0	0
3831	jmp	4194352	0	0	0
3832	jmp	4194320	0	0	0
3833	jmp	4194352	0	0	0
3834	jmp	4194320	0	0	0
3835	jmp	4194352	0	0	0
3836	jmp	4194320	0	0	0
3837	jmp	4194352	0	0	0
3838	jmp	4194320	0	0	0
3839	jmp	4194352	0	0	0
3840	jmp	4194320	0	0	0
3841	jmp	4194352	0	0	0
3842	jmp	4194320	0	0	0
3843	jmp	4194352	0	0	0
3844	jmp	4194320	0	0	0
3845	jmp	4194352	0	0	0
3846	jmp	4194320	0	0	0
3847	jmp	4194352	0	0	0
3848	jmp	4194320	0	0	0
3849	jmp	4194352	0	0	0
3850	jmp	4194320	0	0	0
3851	jmp	4194352	0	0	0
3852	jmp	4194320	0	0	0
3853	jmp	4194352	0	0	0
3854	jmp	4194320	0	0	0
3855	jmp	4194352	0	0	0
3856	jmp	4194320	0	0	0
3857	jmp	4194352	0	0	0
3858	jmp	4194320	0	0	0
3859	jmp	4194352	0	0	0
3860	jmp	4194320	0	0	0
3861	jmp	4194352	0	0	0
3862	jmp	4194320	0	0	0
3863	jmp	4194352	0	0	0
3864	jmp	4194320	0	0	0
3865	jmp	4194352	0	0	0
3866	jmp	4194320	0	0	0
3867	jmp	4194352	0	0	0
3868	jmp	4194320	0	0	0
3869	jmp	4194352	0	0	0
3870	jmp	4194320	0	0	0
3871	jmp	4194352	0	0	0
3872	jmp	4194320	0	0	0
3873	jmp	4194352	0	0	0
3874	jmp	4194320	0	0	0
3875	jmp	4194352	0	0	0
3876	jmp	4194320	0	0	0
3877	jmp	4194352	0	0	0
3878	jmp	4194320	0	0	0
3879	jmp	4194352	0	0	0
3880	jmp	4194320	0	0	0
3881	jmp	4194352	0	0	0
3882	jmp	4194320	0	0	0
3883	jmp	4194352	0	0	0
3884	jmp	4194320	0	0	0
3885	jmp	4194352	0	0	0
3886	jmp	4194320	0	0	0
3887	jmp	4194352	0	0	0
3888	jmp	4194320	0	0	0
3889	jmp	4194352	0	0	0
3890	jmp	4194320	0	0	0
3891	jmp	4194352	0	0	0
3892	jmp	4194320	0	0	0
3893	jmp	4194352	0	0	0
3894	jmp	4194320	0	0	0
3895	jmp	4194352	0	0	0
3896	jmp	4194320	0	0	0
3897	jmp	4194352	0	0	0
3898	jmp	4194320	0	0	0
3899	jmp	4194352	0	0	0
3900	jmp	4194320	0	0	0
3901	jmp	4194352	0	0	0
3902	jmp	4194320	0	0	0
3903	jmp	4194352	0	0	0
3904	jmp	4194320	0	0	0
3905	jmp	4194352	0	0	0
3906	jmp	4194320	0	0	0
3907	jmp	4194352	0	0	0
3908	jmp	4194320	0	0	0
3909	jmp	4194352	0	0	0
3910	jmp	4194320	0	0	0
3911	jmp	4194352	0	0	0
3912	jmp	4194320	0	0	0
3913	jmp	4194352	0	0	0
3914	jmp	4194320	0	0	0
3915	jmp	4194352	0	0	0
3916	jmp	4194320	0	0	0
3917	jmp	4194352	0	0	0
3918	jmp	4194320	0	0	0
3919	jmp	4194352	0	0	0
3920	jmp	4194320	0	0	0
3921	jmp	4194352	0	0	0
3922	jmp	4194320	0	0	0
3923	jmp	4194352	0	0	0
3924	jmp	4194320	0	0	0
3925	jmp	4194352	0	0	0
3926	jmp	4194320	0	0	0
3927	jmp	4194352	0	0	0
3928	jmp	4194320	0	0	0
3929	jmp	4194352	0	0	0
3930	jmp	4194320	0	0	0
3931	jmp	4194352	0	0	0
3932	jmp	4194320	0	0	0
3933	jmp	4194352	0	0	0
3934	jmp	4194320	0	0	0
3935	jmp	4194352	0	0	0
3936	jmp	4194320	0	0	0
3937	jmp	4194352	0	0	0
3938	jmp	4194320	0	0	0
3939	jmp	4194352	0	0	0
3940	jmp	4194320	0	0	0
3941	jmp	4194352	0	0	0
3942	jmp	4194320	0	0	0
3943	jmp	4194352	0	0	0
3944	jmp	4194320	0	0	0
3945	jmp	4194352	0	0	0
3946	jmp	4194320	0	0	0
3947	jmp	4194352	0	0	0
3948	jmp	4194320	0	0	0
3949	jmp	4194352	0	0	0
3950	jmp	4194320	0	0	0
3951	jmp	4194352	0	0	0
3952	jmp	4194320	0	0	0
3953	jmp	4194352	0	0	0
3954	jmp	4194320	0	0	0
3955	jmp	4194352	0	0	0
3956	jmp	4194320	0	0	0
3957	jmp	4194352	0	0	0
3958	jmp	4194320	0	0	0
3959	jmp	4194352	0	0	0
3960	jmp	4194320	0	0	0
3961	jmp	4194352	0	0	0
3962	jmp	4194320	0	0	0
3963	jmp	4194352	0	0	0
3964	jmp	4194320	0	0	0
3965	jmp	4194352	0	0	0
3966	jmp	4194320	0	0	0
3967	jmp	4194352	0	0	0
3968	jmp	4194320	0	0	0
3969	jmp	4194352	0	0	0
3970	jmp	4194320	0	0	0
3971	jmp	4194352	0	0	0
3972	jmp	4194320	0	0	0
3973	jmp	4194352	0	0	0
3974	jmp	4194320	0	0	0
3975	jmp	4194352	0	0	0
3976	jmp	4194320	0	0	0
3977	jmp	4194352	0	0	0
3978	jmp	4194320	0	0	0
3979	jmp	4194352	0	0	0
3980	jmp	4194320	0	0	0
3981	jmp	4194352	0	0	0
3982	jmp	4194320	0	0	0
3983	jmp	4194352	0	0	0
3984	jmp	4194320	0	0	0
3985	jmp	4194352	0	0	0
3986	jmp	4194320	0	0	0
3987	jmp	4194352	0	0	0
3988	jmp	4194320	0	0	0
3989	jmp	4194352	0	0	0
3990	jmp	4194320	0	0	0
3991	jmp	4194352	0	0	0
3992	jmp	4194320	0	0	0
3993	jmp	4194352	0	0	0
3994	jmp	4194320	0	0	0
3995	jmp	4194352	0	0	0
3996	jmp	4194320	0	0	0
3997	jmp	4194352	0	0	0
3998	jmp	4194320	0	0	0
3999	jmp	4194352	0	0	0
4000	jmp	4194320	0	0	0
4001	jmp	4194352	0	0	0
4002	jmp	4194320	0	0	0
4003	jmp	4194352	0	0	0
4004	jmp	4194320	0	0	0
4005	jmp	4194352	0	0	0
4006	jmp	4194320	0	0	0
4007	jmp	4194352	0	0	0
4008	jmp	4194320	0	0	0
4009	jmp	4194352	0	0	0
4010	jmp	4194320	0	0	0
4011	jmp	4194352	0	0	0
4012	jmp	4194320	0	0	0
4013	jmp	4194352	0	0	0
4014	jmp	4194320	0	0	0
4015	jmp	4194352	0	0	0
4016	jmp	4194320	0	0	0
4017	jmp	4194352	0	0	0
4018	jmp	4194320	0	0	0
4019	jmp	4194352	0	0	0
4020	jmp	4194320	0	0	0
4021	jmp	4194352	0	0	0
4022	jmp	4194320	0	0	0
4023	jmp	4194352	0	0	0
4024	jmp	4194320	0	0	0
4025	jmp	4194352	0	0	0
4026	jmp	4194320	0	0	0
4027	jmp	4194352	0	0	0
4028	jmp	4194320	0	0	0
4029	jmp	4194352	0	0	0
4030	jmp	4194320	0	0	0
4031	jmp	4194352	0	0	0
4032	jmp	4194320	0	0	0
4033	jmp	4194352	0	0	0
4034	jmp	4194320	0	0	0
4035	jmp	4194352	0	0	0
4036	jmp	4194320	0	0	0
4037	jmp	4194352	0	0	0
4038	jmp	4194320	0	0	0
4039	jmp	4194352	0	0	0
4040	jmp	4194320	0	0	0
4041	jmp	4194352	0	0	0
4042	jmp	4194320	0	0	0
4043	jmp	4194352	0	0	0
4044	jmp	4194320	0	0	0
4045	jmp	4194352	0	0	0
4046	jmp	4194320	0	0	0
4047	jmp	4194352	0	0	0
4048	jmp	4194320	0	0	0
4049	jmp	4194352	0	0	0
4050	jmp	4194320	0	0	0
4051	jmp	4194352	0	0	0
4052	jmp	4194320	0	0	0
4053	jmp	4194352	0	0	0
4054	jmp	4194320	0	0	0
4055	jmp	4194352	0	0	0
4056	jmp	4194320	0	0	0
4057	jmp	4194352	0	0	0
4058	jmp	4194320	0	0	0
4059	jmp	4194352	0	0	0
4060	jmp	4194320	0	0	0
4061	jmp	4194352	0	0	0
4062	jmp	4194320	0	0	0
4063	jmp	4194352	0	0	0
4064	jmp	4194320	0	0	0
4065	jmp	4194352	0	0	0
4066	jmp	4194320	0	0	0
4067	jmp	4194352	0	0	0
4068	jmp	4194320	0	0	0
4069	jmp	4194352	0	0	0
4070	jmp	4194320	0	0	0
4071	jmp	4194352	0	0	0
4072	jmp	4194320	0	0	0
4073	jmp	4194352	0	0	0
4074	jmp	4194320	0	0	0
4075	jmp	4194352	0	0	0
4076	jmp	4194320	0	0	0
4077	jmp	4194352	0	0	0
4078	jmp	4194320	0	0	0
4079	jmp	4194352	0	0	0
4080	jmp	4194320	0	0	0
4081	jmp	4194352	0	0	0
4082	jmp	4194320	0	0	0
4083	jmp	4194352	0	0	0
4084	jmp	4194320	0	0	0
4085	jmp	4194352	0	0	0
4086	jmp	4194320	0	0	0
4087	jmp	4194352	0	0	0
4088	jmp	4194320	0	0	0
4089	jmp	4194352	0	0	0
4090	jmp	4194320	0	0	0
4091	jmp	4194352	0	0	0
4092	jmp	4194320	0	0	0
4093	jmp	4194352	0	0	0
4094	jmp	4194320	0	0	0
4095	jmp	4194352	0	0	0
